   0.0   0.0   0.0  0.000000  0.000000   408     0.007     0.000     0.007     0.007
   0.0   0.0   0.0  0.002757  0.002154   379    38.449    30.034     0.009     0.009
   0.0   0.0   0.0 -0.000487  0.003465   378    -6.782    48.309     0.008     0.009
   0.0   0.0   0.0 -0.003244  0.001311   378   -45.224    18.275     0.009     0.008
   0.0   0.0   0.0 -0.002757 -0.002154   378   -38.435   -30.034     0.009     0.009
   0.0   0.0   0.0  0.000487 -0.003465   378     6.796   -48.309     0.008     0.009
   0.0   0.0   0.0  0.003244 -0.001311   378    45.239   -18.275     0.009     0.008
   0.0   0.0   0.0  0.006930  0.000974   367    96.820    13.606     0.012     0.009
   0.0   0.0   0.0  0.005515  0.004309   368    77.046    60.190     0.011     0.010
   0.0   0.0   0.0  0.002622  0.006489   367    36.630    90.645     0.010     0.012
   0.0   0.0   0.0 -0.000974  0.006930   368   -13.599    96.812     0.009     0.012
   0.0   0.0   0.0 -0.004309  0.005515   367   -60.182    77.039     0.010     0.011
   0.0   0.0   0.0 -0.006489  0.002622   368   -90.637    36.623     0.011     0.009
   0.0   0.0   0.0 -0.006930 -0.000974   367   -96.805   -13.606     0.011     0.009
   0.0   0.0   0.0 -0.005515 -0.004309   368   -77.031   -60.189     0.011     0.010
   0.0   0.0   0.0 -0.002622 -0.006489   367   -36.616   -90.645     0.009     0.012
   0.0   0.0   0.0  0.000974 -0.006930   368    13.613   -96.812     0.009     0.012
   0.0   0.0   0.0  0.004309 -0.005515   367    60.197   -77.039     0.011     0.011
   0.0   0.0   0.0  0.006489 -0.002622   368    90.652   -36.623     0.012     0.010
   0.0   0.0   0.0  0.009984  0.003244   364   139.943    45.468     0.013     0.009
   0.0   0.0   0.0  0.008272  0.006463   363   115.953    90.587     0.012     0.010
   0.0   0.0   0.0  0.005563  0.008903   363    77.978   124.779     0.010     0.011
   0.0   0.0   0.0  0.002183  0.010268   364    30.599   143.922     0.009     0.012
   0.0   0.0   0.0 -0.001461  0.010396   363   -20.470   145.704     0.009     0.012
   0.0   0.0   0.0 -0.004928  0.009269   363   -69.069   129.913     0.009     0.011
   0.0   0.0   0.0 -0.007801  0.007024   364  -109.336    98.453     0.010     0.010
   0.0   0.0   0.0 -0.009733  0.003933   363  -136.415    55.118     0.011     0.009
   0.0   0.0   0.0 -0.010491  0.000366   363  -147.039     5.135     0.012     0.009
   0.0   0.0   0.0 -0.009984 -0.003244   364  -139.927   -45.467     0.011     0.009
   0.0   0.0   0.0 -0.008272 -0.006463   363  -115.937   -90.586     0.011     0.010
   0.0   0.0   0.0 -0.005563 -0.008903   363   -77.963  -124.778     0.010     0.011
   0.0   0.0   0.0 -0.002183 -0.010268   364   -30.584  -143.921     0.009     0.012
   0.0   0.0   0.0  0.001461 -0.010396   363    20.485  -145.705     0.009     0.012
   0.0   0.0   0.0  0.004928 -0.009269   363    69.084  -129.914     0.010     0.012
   0.0   0.0   0.0  0.007801 -0.007024   364   109.352   -98.454     0.011     0.011
   0.0   0.0   0.0  0.009733 -0.003933   363   136.431   -55.119     0.012     0.010
   0.0   0.0   0.0  0.010491 -0.000366   363   147.055    -5.135     0.013     0.009
   0.0   0.0   0.0  0.013861  0.001948   362   195.195    27.432     0.010     0.008
   0.0   0.0   0.0  0.012884  0.005469   362   181.444    77.015     0.009     0.008
   0.0   0.0   0.0  0.011030  0.008617   362   155.328   121.350     0.009     0.008
   0.0   0.0   0.0  0.008424  0.011178   362   118.628   157.415     0.008     0.009
   0.0   0.0   0.0  0.005243  0.012978   362    73.844   182.752     0.008     0.009
   0.0   0.0   0.0  0.001706  0.013893   362    24.028   195.635     0.008     0.009
   0.0   0.0   0.0 -0.001948  0.013861   362   -27.424   195.185     0.008     0.009
   0.0   0.0   0.0 -0.005469  0.012884   362   -77.007   181.434     0.008     0.009
   0.0   0.0   0.0 -0.008617  0.011030   362  -121.341   155.319     0.008     0.008
   0.0   0.0   0.0 -0.011178  0.008424   362  -157.406   118.619     0.008     0.008
   0.0   0.0   0.0 -0.012978  0.005243   362  -182.743    73.836     0.009     0.008
   0.0   0.0   0.0 -0.013893  0.001706   362  -195.626    24.021     0.009     0.008
   0.0   0.0   0.0 -0.013861 -0.001948   362  -195.177   -27.431     0.009     0.008
   0.0   0.0   0.0 -0.012884 -0.005469   362  -181.426   -77.014     0.008     0.008
   0.0   0.0   0.0 -0.011030 -0.008617   362  -155.312  -121.348     0.008     0.008
   0.0   0.0   0.0 -0.008424 -0.011178   362  -118.612  -157.413     0.008     0.008
   0.0   0.0   0.0 -0.005243 -0.012978   362   -73.829  -182.751     0.008     0.009
   0.0   0.0   0.0 -0.001706 -0.013893   362   -24.014  -195.634     0.008     0.009
   0.0   0.0   0.0  0.001948 -0.013861   362    27.439  -195.186     0.008     0.009
   0.0   0.0   0.0  0.005469 -0.012884   362    77.022  -181.436     0.008     0.009
   0.0   0.0   0.0  0.008617 -0.011030   362   121.357  -155.321     0.008     0.009
   0.0   0.0   0.0  0.011178 -0.008424   362   157.423  -118.621     0.009     0.008
   0.0   0.0   0.0  0.012978 -0.005243   362   182.760   -73.837     0.009     0.008
   0.0   0.0   0.0  0.013893 -0.001706   362   195.644   -24.021     0.010     0.008
   0.0   0.0   0.0  0.016976  0.004233   346   240.522    59.967     0.006     0.006
   0.0   0.0   0.0  0.015725  0.007670   346   222.798   108.662     0.006     0.006
   0.0   0.0   0.0  0.013787  0.010772   347   195.337   152.608     0.006     0.006
   0.0   0.0   0.0  0.011246  0.013403   347   159.340   189.885     0.006     0.006
   0.0   0.0   0.0  0.008214  0.015448   347   116.378   218.862     0.006     0.006
   0.0   0.0   0.0  0.004823  0.016818   346    68.331   238.273     0.006     0.006
   0.0   0.0   0.0  0.001220  0.017454   346    17.298   247.271     0.007     0.006
   0.0   0.0   0.0 -0.002435  0.017326   347   -34.490   245.462     0.007     0.006
   0.0   0.0   0.0 -0.005984  0.016441   347   -84.770   232.925     0.007     0.006
   0.0   0.0   0.0 -0.009272  0.014838   347  -131.345   210.208     0.007     0.006
   0.0   0.0   0.0 -0.012154  0.012586   346  -172.179   178.305     0.007     0.007
   0.0   0.0   0.0 -0.014505  0.009784   346  -205.488   138.608     0.007     0.007
   0.0   0.0   0.0 -0.016222  0.006554   347  -229.816    92.855     0.007     0.007
   0.0   0.0   0.0 -0.017230  0.003038   347  -244.099    43.043     0.007     0.007
   0.0   0.0   0.0 -0.017485 -0.000611   347  -247.713    -8.651     0.007     0.007
   0.0   0.0   0.0 -0.016976 -0.004233   346  -240.502   -59.966     0.007     0.007
   0.0   0.0   0.0 -0.015725 -0.007670   346  -222.779  -108.660     0.007     0.007
   0.0   0.0   0.0 -0.013787 -0.010772   347  -195.319  -152.606     0.007     0.007
   0.0   0.0   0.0 -0.011246 -0.013403   347  -159.322  -189.882     0.007     0.006
   0.0   0.0   0.0 -0.008214 -0.015448   347  -116.362  -218.859     0.007     0.006
   0.0   0.0   0.0 -0.004823 -0.016818   346   -68.316  -238.272     0.007     0.006
   0.0   0.0   0.0 -0.001220 -0.017454   346   -17.283  -247.271     0.007     0.006
   0.0   0.0   0.0  0.002435 -0.017326   347    34.505  -245.463     0.006     0.006
   0.0   0.0   0.0  0.005984 -0.016441   347    84.786  -232.927     0.006     0.006
   0.0   0.0   0.0  0.009272 -0.014838   347   131.362  -210.211     0.006     0.006
   0.0   0.0   0.0  0.012154 -0.012586   346   172.197  -178.308     0.006     0.006
   0.0   0.0   0.0  0.014505 -0.009784   346   205.507  -138.611     0.006     0.006
   0.0   0.0   0.0  0.016222 -0.006554   347   229.835   -92.857     0.006     0.006
   0.0   0.0   0.0  0.017230 -0.003038   347   244.119   -43.044     0.006     0.006
   0.0   0.0   0.0  0.017485  0.000611   347   247.734     8.651     0.006     0.006
   0.0   0.0   0.0  0.020791  0.002922   336   296.764    41.706     0.006     0.006
   0.0   0.0   0.0  0.019968  0.006488   335   285.013    92.604     0.006     0.006
   0.0   0.0   0.0  0.018538  0.009857   336   264.602   140.687     0.006     0.006
   0.0   0.0   0.0  0.016545  0.012926   337   236.152   184.496     0.006     0.006
   0.0   0.0   0.0  0.014049  0.015603   336   200.527   222.699     0.006     0.006
   0.0   0.0   0.0  0.011126  0.017805   336   158.809   254.135     0.006     0.006
   0.0   0.0   0.0  0.007865  0.019467   336   112.266   277.849     0.006     0.006
   0.0   0.0   0.0  0.004365  0.020537   335    62.312   293.121     0.006     0.007
   0.0   0.0   0.0  0.000733  0.020983   336    10.466   299.486     0.006     0.007
   0.0   0.0   0.0 -0.002922  0.020791   337   -41.698   296.751     0.006     0.007
   0.0   0.0   0.0 -0.006488  0.019968   336   -92.595   285.000     0.006     0.007
   0.0   0.0   0.0 -0.009857  0.018538   336  -140.677   264.590     0.007     0.007
   0.0   0.0   0.0 -0.012926  0.016545   336  -184.485   236.140     0.007     0.007
   0.0   0.0   0.0 -0.015603  0.014049   335  -222.687   200.515     0.007     0.006
   0.0   0.0   0.0 -0.017805  0.011126   336  -254.123   158.798     0.007     0.006
   0.0   0.0   0.0 -0.019467  0.007865   337  -277.836   112.256     0.008     0.006
   0.0   0.0   0.0 -0.020537  0.004365   336  -293.108    62.304     0.008     0.006
   0.0   0.0   0.0 -0.020983  0.000733   336  -299.474    10.458     0.008     0.006
   0.0   0.0   0.0 -0.020791 -0.002922   336  -296.740   -41.705     0.008     0.006
   0.0   0.0   0.0 -0.019968 -0.006488   335  -284.990   -92.601     0.008     0.006
   0.0   0.0   0.0 -0.018538 -0.009857   336  -264.581  -140.684     0.007     0.006
   0.0   0.0   0.0 -0.016545 -0.012926   337  -236.132  -184.492     0.007     0.006
   0.0   0.0   0.0 -0.014049 -0.015603   336  -200.508  -222.695     0.007     0.007
   0.0   0.0   0.0 -0.011126 -0.017805   336  -158.791  -254.131     0.007     0.007
   0.0   0.0   0.0 -0.007865 -0.019467   336  -112.250  -277.846     0.007     0.007
   0.0   0.0   0.0 -0.004365 -0.020537   335   -62.297  -293.119     0.006     0.007
   0.0   0.0   0.0 -0.000733 -0.020983   336   -10.451  -299.486     0.006     0.007
   0.0   0.0   0.0  0.002922 -0.020791   337    41.713  -296.752     0.006     0.007
   0.0   0.0   0.0  0.006488 -0.019968   336    92.611  -285.003     0.006     0.006
   0.0   0.0   0.0  0.009857 -0.018538   336   140.694  -264.593     0.006     0.006
   0.0   0.0   0.0  0.012926 -0.016545   336   184.503  -236.144     0.006     0.006
   0.0   0.0   0.0  0.015603 -0.014049   335   222.707  -200.519     0.006     0.006
   0.0   0.0   0.0  0.017805 -0.011126   336   254.144  -158.802     0.006     0.006
   0.0   0.0   0.0  0.019467 -0.007865   337   277.859  -112.259     0.006     0.006
   0.0   0.0   0.0  0.020537 -0.004365   336   293.131   -62.305     0.006     0.006
   0.0   0.0   0.0  0.020983 -0.000733   336   299.497   -10.458     0.006     0.006
   0.0   0.0   0.0  0.023934  0.005212   332   344.651    75.054     0.008     0.012
   0.0   0.0   0.0  0.022890  0.008721   331   329.615   125.582     0.008     0.012
   0.0   0.0   0.0  0.021334  0.012035   330   307.216   173.305     0.009     0.011
   0.0   0.0   0.0  0.019302  0.015080   332   277.955   217.156     0.009     0.011
   0.0   0.0   0.0  0.016839  0.017789   332   242.484   256.156     0.010     0.010
   0.0   0.0   0.0  0.013999  0.020100   330   201.598   289.434     0.011     0.009
   0.0   0.0   0.0  0.010847  0.021962   332   156.208   316.246     0.011     0.009
   0.0   0.0   0.0  0.007453  0.023333   332   107.329   335.993     0.012     0.008
   0.0   0.0   0.0  0.003892  0.024183   331    56.053   348.235     0.012     0.008
   0.0   0.0   0.0  0.000244  0.024493   330     3.525   352.698     0.012     0.007
   0.0   0.0   0.0 -0.003409  0.024256   332   -49.081   349.282     0.012     0.008
   0.0   0.0   0.0 -0.006986  0.023477   332  -100.590   338.064     0.012     0.008
   0.0   0.0   0.0 -0.010407  0.022174   330  -149.852   319.294     0.012     0.008
   0.0   0.0   0.0 -0.013596  0.020375   332  -195.766   293.392     0.011     0.009
   0.0   0.0   0.0 -0.016481  0.018121   332  -237.307   260.936     0.010     0.010
   0.0   0.0   0.0 -0.018997  0.015462   331  -273.546   222.651     0.010     0.010
   0.0   0.0   0.0 -0.021090  0.012458   330  -303.675   179.393     0.009     0.011
   0.0   0.0   0.0 -0.022711  0.009176   332  -327.020   132.128     0.009     0.012
   0.0   0.0   0.0 -0.023825  0.005688   332  -343.059    81.911     0.008     0.012
   0.0   0.0   0.0 -0.024407  0.002074   330  -351.436    29.865     0.008     0.012
   0.0   0.0   0.0 -0.024443 -0.001587   332  -351.961   -22.849     0.008     0.012
   0.0   0.0   0.0 -0.023934 -0.005212   332  -344.625   -75.052     0.008     0.012
   0.0   0.0   0.0 -0.022890 -0.008721   331  -329.590  -125.579     0.008     0.012
   0.0   0.0   0.0 -0.021334 -0.012035   330  -307.192  -173.300     0.009     0.011
   0.0   0.0   0.0 -0.019302 -0.015080   332  -277.932  -217.151     0.010     0.011
   0.0   0.0   0.0 -0.016839 -0.017789   332  -242.464  -256.150     0.010     0.010
   0.0   0.0   0.0 -0.013999 -0.020100   330  -201.579  -289.428     0.011     0.009
   0.0   0.0   0.0 -0.010847 -0.021962   332  -156.190  -316.241     0.011     0.009
   0.0   0.0   0.0 -0.007453 -0.023333   332  -107.313  -335.990     0.012     0.008
   0.0   0.0   0.0 -0.003892 -0.024183   331   -56.037  -348.233     0.012     0.008
   0.0   0.0   0.0 -0.000244 -0.024493   330    -3.510  -352.698     0.012     0.007
   0.0   0.0   0.0  0.003409 -0.024256   332    49.096  -349.284     0.012     0.008
   0.0   0.0   0.0  0.006986 -0.023477   332   100.606  -338.067     0.012     0.008
   0.0   0.0   0.0  0.010407 -0.022174   330   149.869  -319.298     0.011     0.009
   0.0   0.0   0.0  0.013596 -0.020375   332   195.785  -293.397     0.011     0.009
   0.0   0.0   0.0  0.016481 -0.018121   332   237.327  -260.941     0.010     0.010
   0.0   0.0   0.0  0.018997 -0.015462   331   273.568  -222.656     0.009     0.010
   0.0   0.0   0.0  0.021090 -0.012458   330   303.698  -179.398     0.009     0.011
   0.0   0.0   0.0  0.022711 -0.009176   332   327.044  -132.131     0.008     0.012
   0.0   0.0   0.0  0.023825 -0.005688   332   343.085   -81.913     0.008     0.012
   0.0   0.0   0.0  0.024407 -0.002074   330   351.462   -29.865     0.007     0.012
   0.0   0.0   0.0  0.024443  0.001587   332   351.988    22.850     0.007     0.012
   0.0   0.0   0.0  0.027721  0.003896   321   403.311    56.681     0.013     0.010
   0.0   0.0   0.0  0.026976  0.007481   321   392.463   108.837     0.013     0.010
   0.0   0.0   0.0  0.025768  0.010938   322   374.899   159.132     0.013     0.011
   0.0   0.0   0.0  0.024120  0.014208   319   350.920   206.703     0.012     0.011
   0.0   0.0   0.0  0.022059  0.017235   322   320.937   250.738     0.012     0.011
   0.0   0.0   0.0  0.019621  0.019967   320   285.464   290.482     0.012     0.012
   0.0   0.0   0.0  0.016847  0.022357   321   245.106   325.256     0.011     0.012
   0.0   0.0   0.0  0.013785  0.024365   321   200.554   354.464     0.011     0.013
   0.0   0.0   0.0  0.010487  0.025955   321   152.571   377.608     0.011     0.013
   0.0   0.0   0.0  0.007009  0.027102   321   101.978   394.290     0.011     0.013
   0.0   0.0   0.0  0.003412  0.027785   322    49.640   404.225     0.010     0.013
   0.0   0.0   0.0 -0.000244  0.027993   319    -3.546   407.245     0.011     0.013
   0.0   0.0   0.0 -0.003896  0.027721   322   -56.672   403.296     0.011     0.013
   0.0   0.0   0.0 -0.007481  0.026976   320  -108.827   392.447     0.011     0.013
   0.0   0.0   0.0 -0.010938  0.025768   321  -159.121   374.883     0.011     0.013
   0.0   0.0   0.0 -0.014208  0.024120   321  -206.691   350.904     0.011     0.012
   0.0   0.0   0.0 -0.017235  0.022059   321  -250.724   320.922     0.012     0.012
   0.0   0.0   0.0 -0.019967  0.019621   321  -290.467   285.449     0.012     0.012
   0.0   0.0   0.0 -0.022357  0.016847   322  -325.241   245.092     0.012     0.012
   0.0   0.0   0.0 -0.024365  0.013785   319  -354.449   200.542     0.012     0.011
   0.0   0.0   0.0 -0.025955  0.010487   322  -377.592   152.560     0.013     0.011
   0.0   0.0   0.0 -0.027102  0.007009   320  -394.274   101.968     0.013     0.011
   0.0   0.0   0.0 -0.027785  0.003412   321  -404.210    49.632     0.013     0.011
   0.0   0.0   0.0 -0.027993 -0.000244   321  -407.230    -3.554     0.013     0.011
   0.0   0.0   0.0 -0.027721 -0.003896   321  -403.283   -56.679     0.013     0.011
   0.0   0.0   0.0 -0.026976 -0.007481   321  -392.434  -108.834     0.013     0.011
   0.0   0.0   0.0 -0.025768 -0.010938   322  -374.872  -159.127     0.013     0.011
   0.0   0.0   0.0 -0.024120 -0.014208   319  -350.895  -206.697     0.012     0.011
   0.0   0.0   0.0 -0.022059 -0.017235   322  -320.914  -250.731     0.012     0.012
   0.0   0.0   0.0 -0.019621 -0.019967   320  -285.442  -290.475     0.012     0.012
   0.0   0.0   0.0 -0.016847 -0.022357   321  -245.085  -325.249     0.012     0.012
   0.0   0.0   0.0 -0.013785 -0.024365   321  -200.535  -354.458     0.011     0.012
   0.0   0.0   0.0 -0.010487 -0.025955   321  -152.554  -377.603     0.011     0.013
   0.0   0.0   0.0 -0.007009 -0.027102   321  -101.962  -394.286     0.011     0.013
   0.0   0.0   0.0 -0.003412 -0.027785   322   -49.625  -404.224     0.011     0.013
   0.0   0.0   0.0  0.000244 -0.027993   319     3.562  -407.245     0.011     0.013
   0.0   0.0   0.0  0.003896 -0.027721   322    56.687  -403.298     0.010     0.013
   0.0   0.0   0.0  0.007481 -0.026976   320   108.844  -392.450     0.011     0.013
   0.0   0.0   0.0  0.010938 -0.025768   322   159.138  -374.888     0.011     0.013
   0.0   0.0   0.0  0.014208 -0.024120   321   206.710  -350.910     0.011     0.012
   0.0   0.0   0.0  0.017235 -0.022059   321   250.745  -320.929     0.011     0.012
   0.0   0.0   0.0  0.019967 -0.019621   321   290.490  -285.456     0.012     0.012
   0.0   0.0   0.0  0.022357 -0.016847   322   325.265  -245.099     0.012     0.011
   0.0   0.0   0.0  0.024365 -0.013785   319   354.474  -200.548     0.013     0.011
   0.0   0.0   0.0  0.025955 -0.010487   322   377.619  -152.565     0.013     0.011
   0.0   0.0   0.0  0.027102 -0.007009   320   394.302  -101.972     0.013     0.010
   0.0   0.0   0.0  0.027785 -0.003412   321   404.239   -49.633     0.013     0.010
   0.0   0.0   0.0  0.027993  0.000244   321   407.259     3.554     0.013     0.010
   0.0  90.0 -90.0  0.000000  0.000000   408     0.000     4.973     0.008     0.008
   0.0  90.0 -90.0  0.002757  0.002154   379    38.444    35.014     0.009     0.008
   0.0  90.0 -90.0 -0.000487  0.003465   378    -6.790    53.291     0.008     0.009
   0.0  90.0 -90.0 -0.003244  0.001311   378   -45.233    23.253     0.009     0.008
   0.0  90.0 -90.0 -0.002757 -0.002154   378   -38.440   -25.056     0.009     0.010
   0.0  90.0 -90.0  0.000487 -0.003465   378     6.789   -43.329     0.009     0.011
   0.0  90.0 -90.0  0.003244 -0.001311   378    45.230   -13.297     0.009     0.009
   0.0  90.0 -90.0  0.006930  0.000974   367    96.815    18.599     0.012     0.009
   0.0  90.0 -90.0  0.005515  0.004309   368    77.046    65.188     0.011     0.010
   0.0  90.0 -90.0  0.002622  0.006489   367    36.628    95.651     0.010     0.011
   0.0  90.0 -90.0 -0.000974  0.006930   368   -13.608   101.821     0.010     0.012
   0.0  90.0 -90.0 -0.004309  0.005515   367   -60.197    82.042     0.011     0.011
   0.0  90.0 -90.0 -0.006489  0.002622   368   -90.651    41.618     0.012     0.010
   0.0  90.0 -90.0 -0.006930 -0.000974   367   -96.811    -8.614     0.012     0.010
   0.0  90.0 -90.0 -0.005515 -0.004309   368   -77.032   -55.193     0.011     0.011
   0.0  90.0 -90.0 -0.002622 -0.006489   367   -36.618   -85.641     0.010     0.013
   0.0  90.0 -90.0  0.000974 -0.006930   368    13.604   -91.807     0.010     0.013
   0.0  90.0 -90.0  0.004309 -0.005515   367    60.182   -72.039     0.011     0.012
   0.0  90.0 -90.0  0.006489 -0.002622   368    90.640   -31.630     0.012     0.010
   0.0  90.0 -90.0  0.009984  0.003244   364   139.946    50.488     0.012     0.009
   0.0  90.0 -90.0  0.008272  0.006463   363   115.962    95.617     0.011     0.010
   0.0  90.0 -90.0  0.005563  0.008903   363    77.986   129.822     0.010     0.011
   0.0  90.0 -90.0  0.002183  0.010268   364    30.598   148.973     0.009     0.012
   0.0  90.0 -90.0 -0.001461  0.010396   363   -20.482   150.757     0.009     0.012
   0.0  90.0 -90.0 -0.004928  0.009269   363   -69.091   134.959     0.010     0.011
   0.0  90.0 -90.0 -0.007801  0.007024   364  -109.361   103.487     0.011     0.010
   0.0  90.0 -90.0 -0.009733  0.003933   363  -136.435    60.140     0.012     0.009
   0.0  90.0 -90.0 -0.010491  0.000366   363  -147.049    10.151     0.012     0.009
   0.0  90.0 -90.0 -0.009984 -0.003244   364  -139.926   -40.449     0.012     0.010
   0.0  90.0 -90.0 -0.008272 -0.006463   363  -115.929   -85.559     0.011     0.011
   0.0  90.0 -90.0 -0.005563 -0.008903   363   -77.956  -119.740     0.011     0.012
   0.0  90.0 -90.0 -0.002183 -0.010268   364   -30.585  -138.875     0.010     0.013
   0.0  90.0 -90.0  0.001461 -0.010396   363    20.473  -140.658     0.010     0.013
   0.0  90.0 -90.0  0.004928 -0.009269   363    69.063  -124.873     0.010     0.013
   0.0  90.0 -90.0  0.007801 -0.007024   364   109.327   -93.424     0.011     0.012
   0.0  90.0 -90.0  0.009733 -0.003933   363   136.411   -50.098     0.012     0.010
   0.0  90.0 -90.0  0.010491 -0.000366   363   147.046    -0.119     0.012     0.009
   0.0  90.0 -90.0  0.013861  0.001948   362   195.195    32.484     0.009     0.008
   0.0  90.0 -90.0  0.012884  0.005469   362   181.457    82.076     0.009     0.008
   0.0  90.0 -90.0  0.011030  0.008617   362   155.350   126.425     0.008     0.008
   0.0  90.0 -90.0  0.008424  0.011178   362   118.649   162.507     0.008     0.008
   0.0  90.0 -90.0  0.005243  0.012978   362    73.858   187.858     0.007     0.008
   0.0  90.0 -90.0  0.001706  0.013893   362    24.028   200.749     0.007     0.009
   0.0  90.0 -90.0 -0.001948  0.013861   362   -27.440   200.299     0.007     0.009
   0.0  90.0 -90.0 -0.005469  0.012884   362   -77.037   186.540     0.007     0.008
   0.0  90.0 -90.0 -0.008617  0.011030   362  -121.379   160.411     0.008     0.008
   0.0  90.0 -90.0 -0.011178  0.008424   362  -157.444   123.695     0.008     0.008
   0.0  90.0 -90.0 -0.012978  0.005243   362  -182.773    78.897     0.009     0.008
   0.0  90.0 -90.0 -0.013893  0.001706   362  -195.643    29.073     0.009     0.008
   0.0  90.0 -90.0 -0.013861 -0.001948   362  -195.178   -22.380     0.009     0.009
   0.0  90.0 -90.0 -0.012884 -0.005469   362  -181.414   -71.956     0.009     0.009
   0.0  90.0 -90.0 -0.011030 -0.008617   362  -155.291  -116.278     0.009     0.009
   0.0  90.0 -90.0 -0.008424 -0.011178   362  -118.592  -152.327     0.010     0.010
   0.0  90.0 -90.0 -0.005243 -0.012978   362   -73.816  -177.652     0.010     0.010
   0.0  90.0 -90.0 -0.001706 -0.013893   362   -24.014  -190.528     0.010     0.010
   0.0  90.0 -90.0  0.001948 -0.013861   362    27.423  -190.079     0.010     0.010
   0.0  90.0 -90.0  0.005469 -0.012884   362    76.993  -176.336     0.010     0.010
   0.0  90.0 -90.0  0.008617 -0.011030   362   121.320  -150.234     0.010     0.010
   0.0  90.0 -90.0  0.011178 -0.008424   362   157.386  -113.549     0.009     0.009
   0.0  90.0 -90.0  0.012978 -0.005243   362   182.731   -68.778     0.009     0.009
   0.0  90.0 -90.0  0.013893 -0.001706   362   195.628   -18.969     0.009     0.008
   0.0  90.0 -90.0  0.016976  0.004233   346   240.535    65.070     0.006     0.007
   0.0  90.0 -90.0  0.015725  0.007670   346   222.826   113.778     0.006     0.007
   0.0  90.0 -90.0  0.013787  0.010772   347   195.374   157.742     0.006     0.007
   0.0  90.0 -90.0  0.011246  0.013403   347   159.378   195.039     0.005     0.007
   0.0  90.0 -90.0  0.008214  0.015448   347   116.410   224.035     0.005     0.007
   0.0  90.0 -90.0  0.004823  0.016818   346    68.349   243.461     0.005     0.007
   0.0  90.0 -90.0  0.001220  0.017454   346    17.297   252.466     0.005     0.007
   0.0  90.0 -90.0 -0.002435  0.017326   347   -34.511   250.656     0.005     0.007
   0.0  90.0 -90.0 -0.005984  0.016441   347   -84.809   238.110     0.005     0.007
   0.0  90.0 -90.0 -0.009272  0.014838   347  -131.396   215.378     0.005     0.007
   0.0  90.0 -90.0 -0.012154  0.012586   346  -172.236   183.455     0.006     0.007
   0.0  90.0 -90.0 -0.014505  0.009784   346  -205.542   143.739     0.006     0.007
   0.0  90.0 -90.0 -0.016222  0.006554   347  -229.859    97.967     0.006     0.007
   0.0  90.0 -90.0 -0.017230  0.003038   347  -244.126    48.144     0.006     0.007
   0.0  90.0 -90.0 -0.017485 -0.000611   347  -247.722    -3.554     0.007     0.007
   0.0  90.0 -90.0 -0.016976 -0.004233   346  -240.491   -54.865     0.007     0.007
   0.0  90.0 -90.0 -0.015725 -0.007670   346  -222.752  -103.548     0.008     0.007
   0.0  90.0 -90.0 -0.013787 -0.010772   347  -195.283  -147.477     0.008     0.007
   0.0  90.0 -90.0 -0.011246 -0.013403   347  -159.285  -184.734     0.009     0.007
   0.0  90.0 -90.0 -0.008214 -0.015448   347  -116.332  -213.694     0.009     0.006
   0.0  90.0 -90.0 -0.004823 -0.016818   346   -68.299  -233.093     0.010     0.006
   0.0  90.0 -90.0 -0.001220 -0.017454   346   -17.284  -242.085     0.010     0.006
   0.0  90.0 -90.0  0.002435 -0.017326   347    34.485  -240.278     0.010     0.006
   0.0  90.0 -90.0  0.005984 -0.016441   347    84.748  -227.750     0.010     0.006
   0.0  90.0 -90.0  0.009272 -0.014838   347   131.312  -205.049     0.009     0.006
   0.0  90.0 -90.0  0.012154 -0.012586   346   172.142  -173.164     0.009     0.007
   0.0  90.0 -90.0  0.014505 -0.009784   346   205.455  -133.486     0.008     0.007
   0.0  90.0 -90.0  0.016222 -0.006554   347   229.794   -87.747     0.007     0.007
   0.0  90.0 -90.0  0.017230 -0.003038   347   244.094   -37.944     0.007     0.007
   0.0  90.0 -90.0  0.017485  0.000611   347   247.728    13.748     0.006     0.007
   0.0  90.0 -90.0  0.020791  0.002922   336   296.772    46.864     0.007     0.007
   0.0  90.0 -90.0  0.019968  0.006488   335   285.042    97.772     0.007     0.008
   0.0  90.0 -90.0  0.018538  0.009857   336   264.649   145.873     0.007     0.008
   0.0  90.0 -90.0  0.016545  0.012926   337   236.209   189.704     0.007     0.008
   0.0  90.0 -90.0  0.014049  0.015603   336   200.585   227.931     0.007     0.008
   0.0  90.0 -90.0  0.011126  0.017805   336   158.862   259.390     0.007     0.008
   0.0  90.0 -90.0  0.007865  0.019467   336   112.305   283.124     0.008     0.008
   0.0  90.0 -90.0  0.004365  0.020537   335    62.332   298.410     0.008     0.008
   0.0  90.0 -90.0  0.000733  0.020983   336    10.463   304.781     0.008     0.008
   0.0  90.0 -90.0 -0.002922  0.020791   337   -41.725   302.045     0.008     0.008
   0.0  90.0 -90.0 -0.006488  0.019968   336   -92.643   290.284     0.008     0.008
   0.0  90.0 -90.0 -0.009857  0.018538   336  -140.742   269.857     0.007     0.008
   0.0  90.0 -90.0 -0.012926  0.016545   336  -184.561   241.385     0.007     0.008
   0.0  90.0 -90.0 -0.015603  0.014049   335  -222.765   205.736     0.007     0.008
   0.0  90.0 -90.0 -0.017805  0.011126   336  -254.195   163.996     0.007     0.008
   0.0  90.0 -90.0 -0.019467  0.007865   337  -277.896   117.434     0.007     0.008
   0.0  90.0 -90.0 -0.020537  0.004365   336  -293.148    67.466     0.007     0.007
   0.0  90.0 -90.0 -0.020983  0.000733   336  -299.492    15.613     0.007     0.007
   0.0  90.0 -90.0 -0.020791 -0.002922   336  -296.734   -36.549     0.007     0.006
   0.0  90.0 -90.0 -0.019968 -0.006488   335  -284.963   -87.437     0.007     0.006
   0.0  90.0 -90.0 -0.018538 -0.009857   336  -264.536  -135.504     0.008     0.006
   0.0  90.0 -90.0 -0.016545 -0.012926   337  -236.077  -179.291     0.008     0.005
   0.0  90.0 -90.0 -0.014049 -0.015603   336  -200.450  -217.471     0.008     0.005
   0.0  90.0 -90.0 -0.011126 -0.017805   336  -158.740  -248.885     0.008     0.005
   0.0  90.0 -90.0 -0.007865 -0.019467   336  -112.211  -272.581     0.007     0.005
   0.0  90.0 -90.0 -0.004365 -0.020537   335   -62.277  -287.841     0.007     0.005
   0.0  90.0 -90.0 -0.000733 -0.020983   336   -10.454  -294.201     0.007     0.005
   0.0  90.0 -90.0  0.002922 -0.020791   337    41.687  -291.470     0.007     0.005
   0.0  90.0 -90.0  0.006488 -0.019968   336    92.563  -279.729     0.007     0.005
   0.0  90.0 -90.0  0.009857 -0.018538   336   140.630  -259.336     0.008     0.005
   0.0  90.0 -90.0  0.012926 -0.016545   336   184.429  -230.907     0.008     0.005
   0.0  90.0 -90.0  0.015603 -0.014049   335   222.630  -195.305     0.008     0.005
   0.0  90.0 -90.0  0.017805 -0.011126   336   254.073  -153.610     0.008     0.005
   0.0  90.0 -90.0  0.019467 -0.007865   337   277.802  -107.086     0.008     0.006
   0.0  90.0 -90.0  0.020537 -0.004365   336   293.093   -57.145     0.007     0.006
   0.0  90.0 -90.0  0.020983 -0.000733   336   299.482    -5.304     0.007     0.007
   0.0  90.0 -90.0  0.023934  0.005212   332   344.678    80.289     0.008     0.013
   0.0  90.0 -90.0  0.022890  0.008721   331   329.665   130.832     0.009     0.013
   0.0  90.0 -90.0  0.021334  0.012035   330   307.285   178.577     0.009     0.012
   0.0  90.0 -90.0  0.019302  0.015080   332   278.034   222.454     0.010     0.012
   0.0  90.0 -90.0  0.016839  0.017789   332   242.567   261.482     0.012     0.011
   0.0  90.0 -90.0  0.013999  0.020100   330   201.676   294.787     0.013     0.010
   0.0  90.0 -90.0  0.010847  0.021962   332   156.273   321.624     0.014     0.009
   0.0  90.0 -90.0  0.007453  0.023333   332   107.375   341.392     0.014     0.008
   0.0  90.0 -90.0  0.003892  0.024183   331    56.075   353.647     0.015     0.007
   0.0  90.0 -90.0  0.000244  0.024493   330     3.520   358.116     0.015     0.007
   0.0  90.0 -90.0 -0.003409  0.024256   332   -49.114   354.697     0.015     0.007
   0.0  90.0 -90.0 -0.006986  0.023477   332  -100.649   343.468     0.014     0.008
   0.0  90.0 -90.0 -0.010407  0.022174   330  -149.932   324.680     0.014     0.009
   0.0  90.0 -90.0 -0.013596  0.020375   332  -195.862   298.754     0.013     0.010
   0.0  90.0 -90.0 -0.016481  0.018121   332  -237.410   266.271     0.012     0.011
   0.0  90.0 -90.0 -0.018997  0.015462   331  -273.649   227.958     0.011     0.012
   0.0  90.0 -90.0 -0.021090  0.012458   330  -303.769   184.673     0.010     0.012
   0.0  90.0 -90.0 -0.022711  0.009176   332  -327.098   137.384     0.009     0.013
   0.0  90.0 -90.0 -0.023825  0.005688   332  -343.115    87.150     0.008     0.013
   0.0  90.0 -90.0 -0.024407  0.002074   330  -351.466    35.093     0.008     0.013
   0.0  90.0 -90.0 -0.024443 -0.001587   332  -351.964   -17.623     0.008     0.012
   0.0  90.0 -90.0 -0.023934 -0.005212   332  -344.601   -69.820     0.008     0.012
   0.0  90.0 -90.0 -0.022890 -0.008721   331  -329.542  -120.333     0.009     0.011
   0.0  90.0 -90.0 -0.021334 -0.012035   330  -307.126  -168.035     0.009     0.010
   0.0  90.0 -90.0 -0.019302 -0.015080   332  -277.855  -211.861     0.010     0.010
   0.0  90.0 -90.0 -0.016839 -0.017789   332  -242.383  -250.834     0.010     0.009
   0.0  90.0 -90.0 -0.013999 -0.020100   330  -201.502  -284.086     0.010     0.009
   0.0  90.0 -90.0 -0.010847 -0.021962   332  -156.126  -310.874     0.010     0.009
   0.0  90.0 -90.0 -0.007453 -0.023333   332  -107.268  -330.604     0.010     0.009
   0.0  90.0 -90.0 -0.003892 -0.024183   331   -56.016  -342.834     0.010     0.009
   0.0  90.0 -90.0 -0.000244 -0.024493   330    -3.516  -347.293     0.010     0.009
   0.0  90.0 -90.0  0.003409 -0.024256   332    49.063  -343.882     0.010     0.009
   0.0  90.0 -90.0  0.006986 -0.023477   332   100.548  -332.675     0.010     0.009
   0.0  90.0 -90.0  0.010407 -0.022174   330   149.790  -313.924     0.010     0.009
   0.0  90.0 -90.0  0.013596 -0.020375   332   195.691  -288.046     0.010     0.009
   0.0  90.0 -90.0  0.016481 -0.018121   332   237.226  -255.616     0.010     0.009
   0.0  90.0 -90.0  0.018997 -0.015462   331   273.467  -217.358     0.010     0.010
   0.0  90.0 -90.0  0.021090 -0.012458   330   303.607  -174.125     0.009     0.010
   0.0  90.0 -90.0  0.022711 -0.009176   332   326.969  -126.880     0.009     0.011
   0.0  90.0 -90.0  0.023825 -0.005688   332   343.032   -76.678     0.008     0.012
   0.0  90.0 -90.0  0.024407 -0.002074   330   351.435   -24.638     0.008     0.012
   0.0  90.0 -90.0  0.024443  0.001587   332   351.988    28.077     0.008     0.013
   0.0  90.0 -90.0  0.027721  0.003896   321   403.332    61.999     0.013     0.011
   0.0  90.0 -90.0  0.026976  0.007481   321   392.512   114.169     0.013     0.011
   0.0  90.0 -90.0  0.025768  0.010938   322   374.973   164.483     0.014     0.012
   0.0  90.0 -90.0  0.024120  0.014208   319   351.014   212.080     0.013     0.012
   0.0  90.0 -90.0  0.022059  0.017235   322   321.043   256.145     0.013     0.013
   0.0  90.0 -90.0  0.019621  0.019967   320   285.574   295.921     0.013     0.013
   0.0  90.0 -90.0  0.016847  0.022357   321   245.212   330.726     0.012     0.014
   0.0  90.0 -90.0  0.013785  0.024365   321   200.648   359.964     0.012     0.015
   0.0  90.0 -90.0  0.010487  0.025955   321   152.646   383.133     0.011     0.016
   0.0  90.0 -90.0  0.007009  0.027102   321   102.028   399.835     0.011     0.016
   0.0  90.0 -90.0  0.003412  0.027785   322    49.662   409.783     0.010     0.017
   0.0  90.0 -90.0 -0.000244  0.027993   319    -3.556   412.807     0.010     0.017
   0.0  90.0 -90.0 -0.003896  0.027721   322   -56.713   408.855     0.010     0.017
   0.0  90.0 -90.0 -0.007481  0.026976   320  -108.898   397.993     0.011     0.016
   0.0  90.0 -90.0 -0.010938  0.025768   321  -159.216   380.410     0.011     0.016
   0.0  90.0 -90.0 -0.014208  0.024120   321  -206.806   356.407     0.012     0.015
   0.0  90.0 -90.0 -0.017235  0.022059   321  -250.852   326.395     0.013     0.014
   0.0  90.0 -90.0 -0.019967  0.019621   321  -290.600   290.890     0.013     0.013
   0.0  90.0 -90.0 -0.022357  0.016847   322  -325.369   250.501     0.013     0.013
   0.0  90.0 -90.0 -0.024365  0.013785   319  -354.566   205.921     0.014     0.012
   0.0  90.0 -90.0 -0.025955  0.010487   322  -377.690   157.913     0.013     0.011
   0.0  90.0 -90.0 -0.027102  0.007009   320  -394.348   107.301     0.013     0.011
   0.0  90.0 -90.0 -0.027785  0.003412   321  -404.255    54.951     0.013     0.011
   0.0  90.0 -90.0 -0.027993 -0.000244   321  -407.244     1.760     0.013     0.011
   0.0  90.0 -90.0 -0.027721 -0.003896   321  -403.265   -51.362     0.013     0.011
   0.0  90.0 -90.0 -0.026976 -0.007481   321  -392.388  -103.506     0.013     0.011
   0.0  90.0 -90.0 -0.025768 -0.010938   322  -374.800  -153.782     0.013     0.011
   0.0  90.0 -90.0 -0.024120 -0.014208   319  -350.803  -201.328     0.013     0.011
   0.0  90.0 -90.0 -0.022059 -0.017235   322  -320.810  -245.334     0.012     0.011
   0.0  90.0 -90.0 -0.019621 -0.019967   320  -285.333  -285.048     0.012     0.011
   0.0  90.0 -90.0 -0.016847 -0.022357   321  -244.980  -319.791     0.012     0.012
   0.0  90.0 -90.0 -0.013785 -0.024365   321  -200.442  -348.971     0.012     0.012
   0.0  90.0 -90.0 -0.010487 -0.025955   321  -152.479  -372.091     0.011     0.013
   0.0  90.0 -90.0 -0.007009 -0.027102   321  -101.912  -388.756     0.011     0.013
   0.0  90.0 -90.0 -0.003412 -0.027785   322   -49.604  -398.681     0.011     0.013
   0.0  90.0 -90.0  0.000244 -0.027993   319     3.552  -401.697     0.011     0.013
   0.0  90.0 -90.0  0.003896 -0.027721   322    56.647  -397.754     0.011     0.013
   0.0  90.0 -90.0  0.007481 -0.026976   320   108.774  -386.918     0.011     0.013
   0.0  90.0 -90.0  0.010938 -0.025768   322   159.043  -369.374     0.011     0.013
   0.0  90.0 -90.0  0.014208 -0.024120   321   206.596  -345.421     0.012     0.012
   0.0  90.0 -90.0  0.017235 -0.022059   321   250.618  -315.468     0.012     0.012
   0.0  90.0 -90.0  0.019967 -0.019621   321   290.359  -280.026     0.012     0.011
   0.0  90.0 -90.0  0.022357 -0.016847   322   325.138  -239.699     0.012     0.011
   0.0  90.0 -90.0  0.024365 -0.013785   319   354.359  -195.176     0.013     0.011
   0.0  90.0 -90.0  0.025955 -0.010487   322   377.523  -147.218     0.013     0.011
   0.0  90.0 -90.0  0.027102 -0.007009   320   394.231   -96.643     0.013     0.011
   0.0  90.0 -90.0  0.027785 -0.003412   321   404.197   -44.316     0.013     0.011
   0.0  90.0 -90.0  0.027993  0.000244   321   407.248     8.868     0.013     0.011
  60.0   0.0   0.0 -0.000000 -0.000381   408     0.007    -5.309     0.007     0.007
  60.0   0.0   0.0  0.002757  0.001772   380    38.446    24.700     0.009     0.008
  60.0   0.0   0.0 -0.000487  0.003082   381    -6.781    42.959     0.008     0.009
  60.0   0.0   0.0 -0.003244  0.000929   379   -45.222    12.950     0.009     0.008
  60.0   0.0   0.0 -0.002757 -0.002534   375   -38.439   -35.330     0.009     0.009
  60.0   0.0   0.0  0.000487 -0.003844   376     6.797   -53.598     0.008     0.010
  60.0   0.0   0.0  0.003244 -0.001691   378    45.241   -23.577     0.009     0.009
  60.0   0.0   0.0  0.006930  0.000592   366    96.817     8.274     0.012     0.009
  60.0   0.0   0.0  0.005515  0.003925   367    77.033    54.817     0.011     0.010
  60.0   0.0   0.0  0.002622  0.006103   367    36.620    85.239     0.010     0.011
  60.0   0.0   0.0 -0.000974  0.006545   368   -13.595    91.398     0.009     0.012
  60.0   0.0   0.0 -0.004309  0.005130   367   -60.169    71.648     0.010     0.011
  60.0   0.0   0.0 -0.006489  0.002239   366   -90.628    31.272     0.011     0.009
  60.0   0.0   0.0 -0.006930 -0.001354   367   -96.809   -18.921     0.011     0.009
  60.0   0.0   0.0 -0.005515 -0.004687   366   -77.046   -65.485     0.011     0.010
  60.0   0.0   0.0 -0.002622 -0.006866   366   -36.626   -95.935     0.009     0.012
  60.0   0.0   0.0  0.000974 -0.007307   366    13.617  -102.102     0.009     0.012
  60.0   0.0   0.0  0.004309 -0.005892   366    60.211   -82.331     0.011     0.011
  60.0   0.0   0.0  0.006489 -0.003001   367    90.663   -41.927     0.012     0.010
  60.0   0.0   0.0  0.009984  0.002861   364   139.925    40.092     0.013     0.009
  60.0   0.0   0.0  0.008272  0.006078   363   115.922    85.163     0.012     0.010
  60.0   0.0   0.0  0.005563  0.008516   363    77.949   119.311     0.010     0.012
  60.0   0.0   0.0  0.002183  0.009880   365    30.586   138.424     0.009     0.012
  60.0   0.0   0.0 -0.001461  0.010007   363   -20.461   140.205     0.009     0.012
  60.0   0.0   0.0 -0.004928  0.008882   363   -69.043   124.437     0.010     0.011
  60.0   0.0   0.0 -0.007801  0.006639   364  -109.305    93.019     0.011     0.010
  60.0   0.0   0.0 -0.009733  0.003549   364  -136.393    49.732     0.011     0.009
  60.0   0.0   0.0 -0.010491 -0.000015   363  -147.038    -0.210     0.012     0.009
  60.0   0.0   0.0 -0.009984 -0.003623   364  -139.947   -50.786     0.011     0.009
  60.0   0.0   0.0 -0.008272 -0.006840   363  -115.969   -95.894     0.010     0.010
  60.0   0.0   0.0 -0.005563 -0.009278   363   -77.992  -130.087     0.009     0.011
  60.0   0.0   0.0 -0.002183 -0.010643   364   -30.597  -149.233     0.009     0.012
  60.0   0.0   0.0  0.001461 -0.010770   363    20.493  -151.017     0.009     0.012
  60.0   0.0   0.0  0.004928 -0.009644   363    69.111  -135.223     0.010     0.012
  60.0   0.0   0.0  0.007801 -0.007401   364   109.384  -103.762     0.011     0.011
  60.0   0.0   0.0  0.009733 -0.004311   363   136.454   -60.434     0.012     0.010
  60.0   0.0   0.0  0.010491 -0.000747   364   147.059   -10.473     0.013     0.009
  60.0   0.0   0.0  0.013861  0.001566   362   195.180    22.045     0.010     0.008
  60.0   0.0   0.0  0.012884  0.005084   362   181.404    71.581     0.010     0.008
  60.0   0.0   0.0  0.011030  0.008230   362   155.273   115.861     0.009     0.008
  60.0   0.0   0.0  0.008424  0.010790   362   118.573   151.872     0.009     0.009
  60.0   0.0   0.0  0.005243  0.012588   362    73.804   177.165     0.008     0.009
  60.0   0.0   0.0  0.001706  0.013502   362    24.014   190.025     0.008     0.010
  60.0   0.0   0.0 -0.001948  0.013470   362   -27.408   189.576     0.008     0.009
  60.0   0.0   0.0 -0.005469  0.012494   362   -76.965   175.850     0.008     0.009
  60.0   0.0   0.0 -0.008617  0.010641   362  -121.285   149.779     0.008     0.009
  60.0   0.0   0.0 -0.011178  0.008037   362  -157.351   113.134     0.009     0.008
  60.0   0.0   0.0 -0.012978  0.004859   362  -182.704    68.406     0.009     0.008
  60.0   0.0   0.0 -0.013893  0.001324   362  -195.613    18.637     0.009     0.008
  60.0   0.0   0.0 -0.013861 -0.002328   362  -195.194   -32.783     0.009     0.008
  60.0   0.0   0.0 -0.012884 -0.005847   362  -181.469   -82.349     0.008     0.008
  60.0   0.0   0.0 -0.011030 -0.008993   362  -155.368  -126.682     0.008     0.008
  60.0   0.0   0.0 -0.008424 -0.011552   361  -118.667  -162.753     0.008     0.008
  60.0   0.0   0.0 -0.005243 -0.013350   362   -73.869  -188.100     0.008     0.008
  60.0   0.0   0.0 -0.001706 -0.014265   362   -24.027  -200.990     0.008     0.009
  60.0   0.0   0.0  0.001948 -0.014233   362    27.455  -200.541     0.008     0.009
  60.0   0.0   0.0  0.005469 -0.013257   362    77.063  -186.785     0.008     0.009
  60.0   0.0   0.0  0.008617 -0.011404   362   121.413  -160.661     0.008     0.008
  60.0   0.0   0.0  0.011178 -0.008799   362   157.478  -123.954     0.009     0.008
  60.0   0.0   0.0  0.012978 -0.005621   362   182.801   -79.173     0.009     0.008
  60.0   0.0   0.0  0.013893 -0.002086   362   195.659   -29.374     0.009     0.008
  60.0   0.0   0.0  0.016976  0.003849   347   240.481    54.518     0.006     0.006
  60.0   0.0   0.0  0.015725  0.007284   346   222.727   103.157     0.006     0.006
  60.0   0.0   0.0  0.013787  0.010383   348   195.249   147.040     0.006     0.006
  60.0   0.0   0.0  0.011246  0.013013   348   159.249   184.252     0.006     0.006
  60.0   0.0   0.0  0.008214  0.015057   348   116.302   213.174     0.006     0.006
  60.0   0.0   0.0  0.004823  0.016426   348    68.282   232.545     0.007     0.006
  60.0   0.0   0.0  0.001220  0.017061   349    17.285   241.523     0.007     0.006
  60.0   0.0   0.0 -0.002435  0.016933   348   -34.464   239.718     0.007     0.006
  60.0   0.0   0.0 -0.005984  0.016049   348   -84.711   227.208     0.007     0.006
  60.0   0.0   0.0 -0.009272  0.014446   348  -131.263   204.538     0.007     0.006
  60.0   0.0   0.0 -0.012154  0.012196   349  -172.088   172.693     0.007     0.007
  60.0   0.0   0.0 -0.014505  0.009396   348  -205.404   133.062     0.007     0.007
  60.0   0.0   0.0 -0.016222  0.006169   347  -229.754    87.370     0.007     0.007
  60.0   0.0   0.0 -0.017230  0.002655   347  -244.069    37.610     0.007     0.007
  60.0   0.0   0.0 -0.017485 -0.000991   346  -247.722   -14.045     0.007     0.007
  60.0   0.0   0.0 -0.016976 -0.004611   346  -240.546   -65.338     0.007     0.007
  60.0   0.0   0.0 -0.015725 -0.008046   345  -222.851  -114.026     0.007     0.007
  60.0   0.0   0.0 -0.013787 -0.011146   346  -195.407  -157.977     0.007     0.007
  60.0   0.0   0.0 -0.011246 -0.013775   345  -159.411  -195.267     0.007     0.006
  60.0   0.0   0.0 -0.008214 -0.015819   346  -116.436  -224.261     0.007     0.006
  60.0   0.0   0.0 -0.004823 -0.017189   345   -68.363  -243.687     0.007     0.006
  60.0   0.0   0.0 -0.001220 -0.017823   345   -17.296  -252.693     0.007     0.006
  60.0   0.0   0.0  0.002435 -0.017696   345    34.530  -250.884     0.006     0.006
  60.0   0.0   0.0  0.005984 -0.016812   345    84.843  -238.338     0.006     0.006
  60.0   0.0   0.0  0.009272 -0.015209   345   131.443  -215.607     0.006     0.006
  60.0   0.0   0.0  0.012154 -0.012959   346   172.287  -183.688     0.006     0.006
  60.0   0.0   0.0  0.014505 -0.010158   346   205.591  -143.980     0.006     0.006
  60.0   0.0   0.0  0.016222 -0.006931   346   229.900   -98.223     0.006     0.006
  60.0   0.0   0.0  0.017230 -0.003417   346   244.152   -48.421     0.006     0.006
  60.0   0.0   0.0  0.017485  0.000229   347   247.730     3.246     0.006     0.006
  60.0   0.0   0.0  0.020791  0.002539   335   296.729    36.234     0.006     0.006
  60.0   0.0   0.0  0.019968  0.006102   337   284.936    87.079     0.006     0.006
  60.0   0.0   0.0  0.018538  0.009469   338   264.492   135.097     0.005     0.006
  60.0   0.0   0.0  0.016545  0.012536   338   236.022   178.833     0.005     0.006
  60.0   0.0   0.0  0.014049  0.015211   337   200.393   216.963     0.005     0.006
  60.0   0.0   0.0  0.011126  0.017412   337   158.687   248.331     0.005     0.006
  60.0   0.0   0.0  0.007865  0.019072   337   112.171   271.990     0.005     0.006
  60.0   0.0   0.0  0.004365  0.020141   337    62.257   287.224     0.006     0.007
  60.0   0.0   0.0  0.000733  0.020587   337    10.456   293.573     0.006     0.007
  60.0   0.0   0.0 -0.002922  0.020396   337   -41.661   290.846     0.006     0.007
  60.0   0.0   0.0 -0.006488  0.019573   337   -92.515   279.124     0.006     0.007
  60.0   0.0   0.0 -0.009857  0.018144   337  -140.565   258.762     0.007     0.007
  60.0   0.0   0.0 -0.012926  0.016152   336  -184.354   230.376     0.007     0.006
  60.0   0.0   0.0 -0.015603  0.013658   335  -222.554   194.823     0.007     0.006
  60.0   0.0   0.0 -0.017805  0.010737   336  -254.003   153.179     0.007     0.006
  60.0   0.0   0.0 -0.019467  0.007479   338  -277.745   106.706     0.008     0.006
  60.0   0.0   0.0 -0.020537  0.003981   338  -293.056    56.812     0.008     0.006
  60.0   0.0   0.0 -0.020983  0.000351   337  -299.467     5.011     0.008     0.006
  60.0   0.0   0.0 -0.020791 -0.003301   337  -296.779   -47.124     0.008     0.006
  60.0   0.0   0.0 -0.019968 -0.006865   336  -285.069   -98.008     0.008     0.006
  60.0   0.0   0.0 -0.018538 -0.010231   335  -264.691  -146.093     0.007     0.007
  60.0   0.0   0.0 -0.016545 -0.013299   336  -236.259  -189.916     0.007     0.007
  60.0   0.0   0.0 -0.014049 -0.015974   336  -200.638  -228.139     0.007     0.007
  60.0   0.0   0.0 -0.011126 -0.018175   336  -158.908  -259.599     0.007     0.007
  60.0   0.0   0.0 -0.007865 -0.019835   336  -112.340  -283.336     0.007     0.007
  60.0   0.0   0.0 -0.004365 -0.020905   335   -62.349  -298.624     0.007     0.007
  60.0   0.0   0.0 -0.000733 -0.021350   336   -10.460  -304.997     0.006     0.007
  60.0   0.0   0.0  0.002922 -0.021159   335    41.749  -302.261     0.006     0.007
  60.0   0.0   0.0  0.006488 -0.020336   336    92.687  -290.499     0.006     0.006
  60.0   0.0   0.0  0.009857 -0.018907   336   140.802  -270.070     0.006     0.006
  60.0   0.0   0.0  0.012926 -0.016915   336   184.630  -241.598     0.006     0.006
  60.0   0.0   0.0  0.015603 -0.014421   335   222.837  -205.951     0.006     0.006
  60.0   0.0   0.0  0.017805 -0.011500   336   254.263  -164.216     0.006     0.006
  60.0   0.0   0.0  0.019467 -0.008241   336   277.952  -117.665     0.006     0.006
  60.0   0.0   0.0  0.020537 -0.004743   336   293.187   -67.717     0.006     0.006
  60.0   0.0   0.0  0.020983 -0.001113   336   299.509   -15.892     0.006     0.006
  60.0   0.0   0.0  0.023934  0.004827   332   344.577    69.501     0.007     0.012
  60.0   0.0   0.0  0.022890  0.008334   330   329.494   119.965     0.008     0.011
  60.0   0.0   0.0  0.021334  0.011646   332   307.058   167.613     0.008     0.011
  60.0   0.0   0.0  0.019302  0.014689   332   277.774   211.383     0.009     0.010
  60.0   0.0   0.0  0.016839  0.017395   332   242.298   250.300     0.010     0.010
  60.0   0.0   0.0  0.013999  0.019705   331   201.421   283.499     0.010     0.009
  60.0   0.0   0.0  0.010847  0.021566   333   156.058   310.242     0.011     0.008
  60.0   0.0   0.0  0.007453  0.022936   332   107.219   329.936     0.011     0.008
  60.0   0.0   0.0  0.003892  0.023786   332    55.994   342.143     0.011     0.007
  60.0   0.0   0.0  0.000244  0.024095   332     3.522   346.593     0.011     0.007
  60.0   0.0   0.0 -0.003409  0.023858   332   -49.028   343.187     0.011     0.007
  60.0   0.0   0.0 -0.006986  0.023080   333  -100.487   332.000     0.011     0.008
  60.0   0.0   0.0 -0.010407  0.021777   332  -149.707   313.282     0.011     0.008
  60.0   0.0   0.0 -0.013596  0.019980   332  -195.592   287.447     0.011     0.009
  60.0   0.0   0.0 -0.016481  0.017728   332  -237.120   255.069     0.010     0.009
  60.0   0.0   0.0 -0.018997  0.015071   332  -273.364   216.867     0.009     0.010
  60.0   0.0   0.0 -0.021090  0.012069   331  -303.513   173.691     0.009     0.011
  60.0   0.0   0.0 -0.022711  0.008789   332  -326.893   126.501     0.008     0.011
  60.0   0.0   0.0 -0.023825  0.005303   332  -342.979    76.350     0.008     0.012
  60.0   0.0   0.0 -0.024407  0.001691   332  -351.407    24.354     0.008     0.012
  60.0   0.0   0.0 -0.024443 -0.001967   332  -351.988   -28.325     0.008     0.012
  60.0   0.0   0.0 -0.023934 -0.005590   332  -344.703   -80.510     0.008     0.012
  60.0   0.0   0.0 -0.022890 -0.009097   332  -329.713  -131.034     0.009     0.012
  60.0   0.0   0.0 -0.021334 -0.012409   328  -307.348  -178.767     0.009     0.011
  60.0   0.0   0.0 -0.019302 -0.015452   332  -278.108  -222.640     0.010     0.011
  60.0   0.0   0.0 -0.016839 -0.018159   332  -242.643  -261.669     0.011     0.010
  60.0   0.0   0.0 -0.013999 -0.020468   332  -201.747  -294.978     0.011     0.010
  60.0   0.0   0.0 -0.010847 -0.022329   332  -156.332  -321.820     0.012     0.009
  60.0   0.0   0.0 -0.007453 -0.023700   332  -107.416  -341.593     0.012     0.008
  60.0   0.0   0.0 -0.003892 -0.024549   331   -56.093  -353.852     0.013     0.008
  60.0   0.0   0.0 -0.000244 -0.024859   329    -3.514  -358.323     0.013     0.008
  60.0   0.0   0.0  0.003409 -0.024622   332    49.145  -354.904     0.013     0.008
  60.0   0.0   0.0  0.006986 -0.023843   331   100.703  -343.672     0.012     0.009
  60.0   0.0   0.0  0.010407 -0.022541   330   150.006  -324.881     0.012     0.009
  60.0   0.0   0.0  0.013596 -0.020743   331   195.950  -298.950     0.011     0.010
  60.0   0.0   0.0  0.016481 -0.018491   332   237.506  -266.463     0.011     0.010
  60.0   0.0   0.0  0.018997 -0.015834   330   273.745  -228.149     0.010     0.011
  60.0   0.0   0.0  0.021090 -0.012831   332   303.858  -184.868     0.009     0.011
  60.0   0.0   0.0  0.022711 -0.009551   332   327.172  -137.588     0.008     0.012
  60.0   0.0   0.0  0.023825 -0.006066   332   343.170   -87.370     0.008     0.012
  60.0   0.0   0.0  0.024407 -0.002454   331   351.496   -35.338     0.007     0.012
  60.0   0.0   0.0  0.024443  0.001205   331   351.967    17.345     0.007     0.012
  60.0   0.0   0.0  0.027721  0.003512   322   403.247    51.089     0.013     0.010
  60.0   0.0   0.0  0.026976  0.007095   320   392.339   103.186     0.013     0.010
  60.0   0.0   0.0  0.025768  0.010549   323   374.723   153.407     0.012     0.011
  60.0   0.0   0.0  0.024120  0.013817   319   350.705   200.894     0.012     0.011
  60.0   0.0   0.0  0.022059  0.016842   323   320.697   244.837     0.012     0.011
  60.0   0.0   0.0  0.019621  0.019572   322   285.214   284.488     0.012     0.012
  60.0   0.0   0.0  0.016847  0.021960   323   244.864   319.172     0.011     0.011
  60.0   0.0   0.0  0.013785  0.023967   323   200.338   348.298     0.011     0.012
  60.0   0.0   0.0  0.010487  0.025556   322   152.395   371.373     0.011     0.012
  60.0   0.0   0.0  0.007009  0.026702   323   101.855   388.002     0.011     0.012
  60.0   0.0   0.0  0.003412  0.027385   324    49.579   397.906     0.011     0.012
  60.0   0.0   0.0 -0.000244  0.027592   322    -3.542   400.916     0.011     0.012
  60.0   0.0   0.0 -0.003896  0.027321   324   -56.602   396.980     0.011     0.012
  60.0   0.0   0.0 -0.007481  0.026576   323  -108.697   386.165     0.011     0.012
  60.0   0.0   0.0 -0.010938  0.025369   323  -158.939   368.656     0.011     0.012
  60.0   0.0   0.0 -0.014208  0.023722   323  -206.470   344.749     0.011     0.012
  60.0   0.0   0.0 -0.017235  0.021663   322  -250.481   314.850     0.011     0.011
  60.0   0.0   0.0 -0.019967  0.019227   322  -290.218   279.468     0.011     0.011
  60.0   0.0   0.0 -0.022357  0.016454   323  -325.002   239.204     0.012     0.011
  60.0   0.0   0.0 -0.024365  0.013394   321  -354.238   194.744     0.012     0.011
  60.0   0.0   0.0 -0.025955  0.010098   322  -377.422   146.846     0.012     0.011
  60.0   0.0   0.0 -0.027102  0.006623   320  -394.158    96.326     0.012     0.011
  60.0   0.0   0.0 -0.027785  0.003028   320  -404.154    44.047     0.013     0.011
  60.0   0.0   0.0 -0.027993 -0.000625   321  -407.238    -9.097     0.013     0.011
  60.0   0.0   0.0 -0.027721 -0.004275   320  -403.352   -62.198     0.013     0.011
  60.0   0.0   0.0 -0.026976 -0.007857   320  -392.561  -114.346     0.013     0.011
  60.0   0.0   0.0 -0.025768 -0.011312   319  -375.047  -164.646     0.013     0.011
  60.0   0.0   0.0 -0.024120 -0.014580   318  -351.105  -212.237     0.013     0.012
  60.0   0.0   0.0 -0.022059 -0.017605   321  -321.146  -256.301     0.013     0.012
  60.0   0.0   0.0 -0.019621 -0.020335   319  -285.679  -296.082     0.013     0.013
  60.0   0.0   0.0 -0.016847 -0.022724   320  -245.313  -330.895     0.013     0.013
  60.0   0.0   0.0 -0.013785 -0.024730   319  -200.737  -360.142     0.012     0.014
  60.0   0.0   0.0 -0.010487 -0.026320   320  -152.717  -383.319     0.012     0.014
  60.0   0.0   0.0 -0.007009 -0.027466   318  -102.075  -400.029     0.011     0.015
  60.0   0.0   0.0 -0.003412 -0.028149   320   -49.681  -409.982     0.011     0.015
  60.0   0.0   0.0  0.000244 -0.028356   317     3.566  -413.008     0.011     0.015
  60.0   0.0   0.0  0.003896 -0.028085   321    56.752  -409.055     0.011     0.015
  60.0   0.0   0.0  0.007481 -0.027340   317   108.964  -398.190     0.011     0.015
  60.0   0.0   0.0  0.010938 -0.026133   320   159.307  -380.600     0.011     0.014
  60.0   0.0   0.0  0.014208 -0.024486   319   206.916  -356.589     0.012     0.014
  60.0   0.0   0.0  0.017235 -0.022427   320   250.974  -326.569     0.012     0.013
  60.0   0.0   0.0  0.019967 -0.019990   317   290.728  -291.058     0.012     0.013
  60.0   0.0   0.0  0.022357 -0.017217   321   325.495  -250.664     0.013     0.012
  60.0   0.0   0.0  0.024365 -0.014157   319   354.681  -206.084     0.013     0.011
  60.0   0.0   0.0  0.025955 -0.010861   321   377.788  -158.082     0.013     0.011
  60.0   0.0   0.0  0.027102 -0.007386   320   394.422  -107.483     0.014     0.010
  60.0   0.0   0.0  0.027785 -0.003791   320   404.301   -55.155     0.013     0.010
  60.0   0.0   0.0  0.027993 -0.000137   321   407.258    -1.994     0.013     0.010
  60.0  90.0 -90.0 -0.000000 -0.000381   408     0.000    -0.336     0.008     0.008
  60.0  90.0 -90.0  0.002757  0.001772   380    38.441    29.678     0.009     0.008
  60.0  90.0 -90.0 -0.000487  0.003082   381    -6.789    47.939     0.008     0.009
  60.0  90.0 -90.0 -0.003244  0.000929   379   -45.230    17.927     0.009     0.008
  60.0  90.0 -90.0 -0.002757 -0.002534   375   -38.444   -30.351     0.009     0.010
  60.0  90.0 -90.0  0.000487 -0.003844   376     6.790   -48.616     0.009     0.011
  60.0  90.0 -90.0  0.003244 -0.001691   378    45.233   -18.598     0.009     0.010
  60.0  90.0 -90.0  0.006930  0.000592   366    96.811    13.266     0.012     0.009
  60.0  90.0 -90.0  0.005515  0.003925   367    77.033    59.813     0.011     0.010
  60.0  90.0 -90.0  0.002622  0.006103   367    36.618    90.242     0.010     0.011
  60.0  90.0 -90.0 -0.000974  0.006545   368   -13.604    96.403     0.010     0.011
  60.0  90.0 -90.0 -0.004309  0.005130   367   -60.183    76.648     0.011     0.010
  60.0  90.0 -90.0 -0.006489  0.002239   366   -90.641    36.266     0.012     0.009
  60.0  90.0 -90.0 -0.006930 -0.001354   367   -96.814   -13.929     0.012     0.010
  60.0  90.0 -90.0 -0.005515 -0.004687   366   -77.045   -60.486     0.011     0.012
  60.0  90.0 -90.0 -0.002622 -0.006866   366   -36.628   -90.928     0.010     0.013
  60.0  90.0 -90.0  0.000974 -0.007307   366    13.608   -97.093     0.010     0.013
  60.0  90.0 -90.0  0.004309 -0.005892   366    60.196   -77.328     0.011     0.012
  60.0  90.0 -90.0  0.006489 -0.003001   367    90.650   -36.932     0.012     0.011
  60.0  90.0 -90.0  0.009984  0.002861   364   139.927    45.110     0.012     0.009
  60.0  90.0 -90.0  0.008272  0.006078   363   115.931    90.189     0.011     0.010
  60.0  90.0 -90.0  0.005563  0.008516   363    77.957   124.348     0.010     0.011
  60.0  90.0 -90.0  0.002183  0.009880   365    30.585   143.470     0.009     0.012
  60.0  90.0 -90.0 -0.001461  0.010007   363   -20.473   145.251     0.009     0.012
  60.0  90.0 -90.0 -0.004928  0.008882   363   -69.064   129.478     0.010     0.011
  60.0  90.0 -90.0 -0.007801  0.006639   364  -109.329    98.049     0.011     0.010
  60.0  90.0 -90.0 -0.009733  0.003549   364  -136.412    54.753     0.012     0.009
  60.0  90.0 -90.0 -0.010491 -0.000015   363  -147.046     4.807     0.012     0.009
  60.0  90.0 -90.0 -0.009984 -0.003623   364  -139.944   -45.766     0.012     0.010
  60.0  90.0 -90.0 -0.008272 -0.006840   363  -115.960   -90.864     0.011     0.011
  60.0  90.0 -90.0 -0.005563 -0.009278   363   -77.984  -125.044     0.010     0.012
  60.0  90.0 -90.0 -0.002183 -0.010643   364   -30.597  -144.181     0.010     0.013
  60.0  90.0 -90.0  0.001461 -0.010770   363    20.482  -145.964     0.010     0.013
  60.0  90.0 -90.0  0.004928 -0.009644   363    69.089  -130.177     0.010     0.012
  60.0  90.0 -90.0  0.007801 -0.007401   364   109.359   -98.728     0.011     0.012
  60.0  90.0 -90.0  0.009733 -0.004311   363   136.433   -55.411     0.012     0.010
  60.0  90.0 -90.0  0.010491 -0.000747   364   147.049    -5.457     0.012     0.009
  60.0  90.0 -90.0  0.013861  0.001566   362   195.179    27.097     0.009     0.008
  60.0  90.0 -90.0  0.012884  0.005084   362   181.416    76.640     0.009     0.008
  60.0  90.0 -90.0  0.011030  0.008230   362   155.293   120.931     0.009     0.008
  60.0  90.0 -90.0  0.008424  0.010790   362   118.593   156.957     0.008     0.008
  60.0  90.0 -90.0  0.005243  0.012588   362    73.817   182.264     0.008     0.009
  60.0  90.0 -90.0  0.001706  0.013502   362    24.014   195.131     0.007     0.009
  60.0  90.0 -90.0 -0.001948  0.013470   362   -27.424   194.682     0.007     0.009
  60.0  90.0 -90.0 -0.005469  0.012494   362   -76.994   180.949     0.008     0.009
  60.0  90.0 -90.0 -0.008617  0.010641   362  -121.322   154.865     0.008     0.008
  60.0  90.0 -90.0 -0.011178  0.008037   362  -157.388   118.205     0.009     0.008
  60.0  90.0 -90.0 -0.012978  0.004859   362  -182.733    73.464     0.009     0.008
  60.0  90.0 -90.0 -0.013893  0.001324   362  -195.629    23.689     0.009     0.008
  60.0  90.0 -90.0 -0.013861 -0.002328   362  -195.194   -27.730     0.009     0.009
  60.0  90.0 -90.0 -0.012884 -0.005847   362  -181.455   -77.288     0.009     0.009
  60.0  90.0 -90.0 -0.011030 -0.008993   362  -155.346  -121.606     0.009     0.009
  60.0  90.0 -90.0 -0.008424 -0.011552   361  -118.646  -157.662     0.010     0.009
  60.0  90.0 -90.0 -0.005243 -0.013350   362   -73.855  -182.994     0.010     0.009
  60.0  90.0 -90.0 -0.001706 -0.014265   362   -24.027  -195.876     0.010     0.009
  60.0  90.0 -90.0  0.001948 -0.014233   362    27.439  -195.427     0.010     0.009
  60.0  90.0 -90.0  0.005469 -0.013257   362    77.034  -181.678     0.010     0.009
  60.0  90.0 -90.0  0.008617 -0.011404   362   121.375  -155.568     0.010     0.009
  60.0  90.0 -90.0  0.011178 -0.008799   362   157.440  -118.878     0.009     0.009
  60.0  90.0 -90.0  0.012978 -0.005621   362   182.771   -74.111     0.009     0.009
  60.0  90.0 -90.0  0.013893 -0.002086   362   195.642   -24.321     0.009     0.008
  60.0  90.0 -90.0  0.016976  0.003849   347   240.492    59.619     0.006     0.007
  60.0  90.0 -90.0  0.015725  0.007284   346   222.754   108.269     0.006     0.007
  60.0  90.0 -90.0  0.013787  0.010383   348   195.284   152.168     0.006     0.007
  60.0  90.0 -90.0  0.011246  0.013013   348   159.286   189.399     0.006     0.007
  60.0  90.0 -90.0  0.008214  0.015057   348   116.332   218.338     0.005     0.007
  60.0  90.0 -90.0  0.004823  0.016426   348    68.299   237.723     0.005     0.007
  60.0  90.0 -90.0  0.001220  0.017061   349    17.284   246.708     0.005     0.007
  60.0  90.0 -90.0 -0.002435  0.016933   348   -34.485   244.902     0.005     0.007
  60.0  90.0 -90.0 -0.005984  0.016049   348   -84.749   232.384     0.005     0.007
  60.0  90.0 -90.0 -0.009272  0.014446   348  -131.313   209.699     0.006     0.007
  60.0  90.0 -90.0 -0.012154  0.012196   349  -172.143   177.836     0.006     0.007
  60.0  90.0 -90.0 -0.014505  0.009396   348  -205.456   138.186     0.006     0.007
  60.0  90.0 -90.0 -0.016222  0.006169   347  -229.795    92.479     0.006     0.007
  60.0  90.0 -90.0 -0.017230  0.002655   347  -244.095    42.709     0.006     0.007
  60.0  90.0 -90.0 -0.017485 -0.000991   346  -247.728    -8.948     0.007     0.007
  60.0  90.0 -90.0 -0.016976 -0.004611   346  -240.533   -60.235     0.007     0.007
  60.0  90.0 -90.0 -0.015725 -0.008046   345  -222.823  -108.910     0.008     0.007
  60.0  90.0 -90.0 -0.013787 -0.011146   346  -195.370  -152.843     0.008     0.007
  60.0  90.0 -90.0 -0.011246 -0.013775   345  -159.373  -190.113     0.009     0.007
  60.0  90.0 -90.0 -0.008214 -0.015819   346  -116.405  -219.088     0.009     0.006
  60.0  90.0 -90.0 -0.004823 -0.017189   345   -68.346  -238.499     0.010     0.006
  60.0  90.0 -90.0 -0.001220 -0.017823   345   -17.297  -247.498     0.010     0.006
  60.0  90.0 -90.0  0.002435 -0.017696   345    34.509  -245.689     0.010     0.006
  60.0  90.0 -90.0  0.005984 -0.016812   345    84.805  -233.153     0.010     0.006
  60.0  90.0 -90.0  0.009272 -0.015209   345   131.392  -210.437     0.009     0.006
  60.0  90.0 -90.0  0.012154 -0.012959   346   172.231  -178.537     0.009     0.007
  60.0  90.0 -90.0  0.014505 -0.010158   346   205.538  -138.849     0.008     0.007
  60.0  90.0 -90.0  0.016222 -0.006931   346   229.856   -93.110     0.007     0.007
  60.0  90.0 -90.0  0.017230 -0.003417   346   244.125   -43.320     0.007     0.007
  60.0  90.0 -90.0  0.017485  0.000229   347   247.722     8.342     0.006     0.007
  60.0  90.0 -90.0  0.020791  0.002539   335   296.735    41.390     0.007     0.007
  60.0  90.0 -90.0  0.019968  0.006102   337   284.963    92.243     0.007     0.007
  60.0  90.0 -90.0  0.018538  0.009469   338   264.537   140.277     0.007     0.008
  60.0  90.0 -90.0  0.016545  0.012536   338   236.077   184.033     0.007     0.008
  60.0  90.0 -90.0  0.014049  0.015211   337   200.450   222.185     0.007     0.008
  60.0  90.0 -90.0  0.011126  0.017412   337   158.739   253.576     0.007     0.008
  60.0  90.0 -90.0  0.007865  0.019072   337   112.210   277.254     0.007     0.008
  60.0  90.0 -90.0  0.004365  0.020141   337    62.276   292.501     0.007     0.008
  60.0  90.0 -90.0  0.000733  0.020587   337    10.453   298.857     0.007     0.008
  60.0  90.0 -90.0 -0.002922  0.020396   337   -41.687   296.127     0.007     0.008
  60.0  90.0 -90.0 -0.006488  0.019573   337   -92.562   284.396     0.007     0.008
  60.0  90.0 -90.0 -0.009857  0.018144   337  -140.629   264.018     0.007     0.008
  60.0  90.0 -90.0 -0.012926  0.016152   336  -184.428   235.611     0.007     0.008
  60.0  90.0 -90.0 -0.015603  0.013658   335  -222.630   200.036     0.007     0.008
  60.0  90.0 -90.0 -0.017805  0.010737   336  -254.073   158.370     0.007     0.008
  60.0  90.0 -90.0 -0.019467  0.007479   338  -277.802   111.879     0.007     0.008
  60.0  90.0 -90.0 -0.020537  0.003981   338  -293.094    61.972     0.007     0.007
  60.0  90.0 -90.0 -0.020983  0.000351   337  -299.482    10.166     0.007     0.007
  60.0  90.0 -90.0 -0.020791 -0.003301   337  -296.771   -41.966     0.007     0.006
  60.0  90.0 -90.0 -0.019968 -0.006865   336  -285.040   -92.840     0.007     0.006
  60.0  90.0 -90.0 -0.018538 -0.010231   335  -264.644  -140.908     0.008     0.006
  60.0  90.0 -90.0 -0.016545 -0.013299   336  -236.203  -184.708     0.008     0.005
  60.0  90.0 -90.0 -0.014049 -0.015974   336  -200.579  -222.907     0.008     0.005
  60.0  90.0 -90.0 -0.011126 -0.018175   336  -158.855  -254.344     0.007     0.005
  60.0  90.0 -90.0 -0.007865 -0.019835   336  -112.300  -278.060     0.007     0.005
  60.0  90.0 -90.0 -0.004365 -0.020905   335   -62.329  -293.334     0.007     0.005
  60.0  90.0 -90.0 -0.000733 -0.021350   336   -10.463  -299.701     0.007     0.005
  60.0  90.0 -90.0  0.002922 -0.021159   335    41.723  -296.967     0.007     0.005
  60.0  90.0 -90.0  0.006488 -0.020336   336    92.638  -285.215     0.007     0.005
  60.0  90.0 -90.0  0.009857 -0.018907   336   140.737  -264.803     0.007     0.005
  60.0  90.0 -90.0  0.012926 -0.016915   336   184.554  -236.352     0.008     0.005
  60.0  90.0 -90.0  0.015603 -0.014421   335   222.759  -200.729     0.008     0.005
  60.0  90.0 -90.0  0.017805 -0.011500   336   254.190  -159.018     0.008     0.005
  60.0  90.0 -90.0  0.019467 -0.008241   336   277.892  -112.488     0.008     0.006
  60.0  90.0 -90.0  0.020537 -0.004743   336   293.147   -62.555     0.007     0.006
  60.0  90.0 -90.0  0.020983 -0.001113   336   299.491   -10.737     0.007     0.007
  60.0  90.0 -90.0  0.023934  0.004827   332   344.601    74.732     0.008     0.013
  60.0  90.0 -90.0  0.022890  0.008334   330   329.541   125.210     0.008     0.013
  60.0  90.0 -90.0  0.021334  0.011646   332   307.124   172.878     0.009     0.012
  60.0  90.0 -90.0  0.019302  0.014689   332   277.852   216.671     0.010     0.011
  60.0  90.0 -90.0  0.016839  0.017395   332   242.379   255.615     0.011     0.011
  60.0  90.0 -90.0  0.013999  0.019705   331   201.498   288.840     0.012     0.010
  60.0  90.0 -90.0  0.010847  0.021566   333   156.122   315.607     0.013     0.009
  60.0  90.0 -90.0  0.007453  0.022936   332   107.264   335.320     0.014     0.008
  60.0  90.0 -90.0  0.003892  0.023786   332    56.015   347.540     0.014     0.007
  60.0  90.0 -90.0  0.000244  0.024095   332     3.516   351.995     0.014     0.007
  60.0  90.0 -90.0 -0.003409  0.023858   332   -49.062   348.587     0.014     0.007
  60.0  90.0 -90.0 -0.006986  0.023080   333  -100.545   337.390     0.014     0.008
  60.0  90.0 -90.0 -0.010407  0.021777   332  -149.786   318.654     0.013     0.008
  60.0  90.0 -90.0 -0.013596  0.019980   332  -195.686   292.797     0.012     0.010
  60.0  90.0 -90.0 -0.016481  0.017728   332  -237.222   260.393     0.011     0.011
  60.0  90.0 -90.0 -0.018997  0.015071   332  -273.464   222.164     0.010     0.011
  60.0  90.0 -90.0 -0.021090  0.012069   331  -303.605   178.963     0.009     0.012
  60.0  90.0 -90.0 -0.022711  0.008789   332  -326.968   131.752     0.008     0.012
  60.0  90.0 -90.0 -0.023825  0.005303   332  -343.032    81.585     0.008     0.013
  60.0  90.0 -90.0 -0.024407  0.001691   332  -351.435    29.581     0.008     0.013
  60.0  90.0 -90.0 -0.024443 -0.001967   332  -351.988   -23.098     0.008     0.012
  60.0  90.0 -90.0 -0.023934 -0.005590   332  -344.676   -75.275     0.009     0.012
  60.0  90.0 -90.0 -0.022890 -0.009097   332  -329.662  -125.784     0.009     0.011
  60.0  90.0 -90.0 -0.021334 -0.012409   328  -307.280  -173.495     0.010     0.011
  60.0  90.0 -90.0 -0.019302 -0.015452   332  -278.028  -217.342     0.010     0.010
  60.0  90.0 -90.0 -0.016839 -0.018159   332  -242.560  -256.342     0.010     0.010
  60.0  90.0 -90.0 -0.013999 -0.020468   332  -201.668  -289.624     0.011     0.010
  60.0  90.0 -90.0 -0.010847 -0.022329   332  -156.266  -316.441     0.011     0.010
  60.0  90.0 -90.0 -0.007453 -0.023700   332  -107.370  -336.194     0.010     0.010
  60.0  90.0 -90.0 -0.003892 -0.024549   331   -56.072  -348.439     0.010     0.010
  60.0  90.0 -90.0 -0.000244 -0.024859   329    -3.519  -352.904     0.010     0.010
  60.0  90.0 -90.0  0.003409 -0.024622   332    49.112  -349.488     0.010     0.010
  60.0  90.0 -90.0  0.006986 -0.023843   331   100.644  -338.268     0.010     0.010
  60.0  90.0 -90.0  0.010407 -0.022541   330   149.926  -319.494     0.011     0.010
  60.0  90.0 -90.0  0.013596 -0.020743   331   195.854  -293.587     0.011     0.010
  60.0  90.0 -90.0  0.016481 -0.018491   332   237.402  -261.128     0.010     0.010
  60.0  90.0 -90.0  0.018997 -0.015834   330   273.642  -222.842     0.010     0.010
  60.0  90.0 -90.0  0.021090 -0.012831   332   303.764  -179.587     0.010     0.010
  60.0  90.0 -90.0  0.022711 -0.009551   332   327.094  -132.331     0.009     0.011
  60.0  90.0 -90.0  0.023825 -0.006066   332   343.114   -82.131     0.009     0.012
  60.0  90.0 -90.0  0.024407 -0.002454   331   351.465   -30.109     0.008     0.012
  60.0  90.0 -90.0  0.024443  0.001205   331   351.964    22.571     0.008     0.013
  60.0  90.0 -90.0  0.027721  0.003512   322   403.264    56.405     0.013     0.011
  60.0  90.0 -90.0  0.026976  0.007095   320   392.385   108.513     0.013     0.011
  60.0  90.0 -90.0  0.025768  0.010549   323   374.795   158.752     0.013     0.011
  60.0  90.0 -90.0  0.024120  0.013817   319   350.796   206.262     0.012     0.012
  60.0  90.0 -90.0  0.022059  0.016842   323   320.800   250.233     0.012     0.012
  60.0  90.0 -90.0  0.019621  0.019572   322   285.322   289.915     0.012     0.012
  60.0  90.0 -90.0  0.016847  0.021960   323   244.969   324.628     0.012     0.013
  60.0  90.0 -90.0  0.013785  0.023967   323   200.431   353.783     0.011     0.013
  60.0  90.0 -90.0  0.010487  0.025556   322   152.470   376.882     0.011     0.013
  60.0  90.0 -90.0  0.007009  0.026702   323   101.905   393.531     0.011     0.013
  60.0  90.0 -90.0  0.003412  0.027385   324    49.600   403.447     0.011     0.013
  60.0  90.0 -90.0 -0.000244  0.027592   322    -3.552   406.460     0.011     0.013
  60.0  90.0 -90.0 -0.003896  0.027321   324   -56.643   402.521     0.011     0.013
  60.0  90.0 -90.0 -0.007481  0.026576   323  -108.767   391.695     0.011     0.013
  60.0  90.0 -90.0 -0.010938  0.025369   323  -159.033   374.167     0.011     0.013
  60.0  90.0 -90.0 -0.014208  0.023722   323  -206.584   350.236     0.011     0.013
  60.0  90.0 -90.0 -0.017235  0.021663   322  -250.607   320.309     0.012     0.013
  60.0  90.0 -90.0 -0.019967  0.019227   322  -290.348   284.897     0.012     0.012
  60.0  90.0 -90.0 -0.022357  0.016454   323  -325.129   244.603     0.012     0.012
  60.0  90.0 -90.0 -0.024365  0.013394   321  -354.352   200.115     0.013     0.012
  60.0  90.0 -90.0 -0.025955  0.010098   322  -377.518   152.192     0.013     0.011
  60.0  90.0 -90.0 -0.027102  0.006623   320  -394.229   101.654     0.013     0.011
  60.0  90.0 -90.0 -0.027785  0.003028   320  -404.196    49.364     0.013     0.011
  60.0  90.0 -90.0 -0.027993 -0.000625   321  -407.248    -3.783     0.013     0.011
  60.0  90.0 -90.0 -0.027721 -0.004275   320  -403.332   -56.879     0.013     0.011
  60.0  90.0 -90.0 -0.026976 -0.007857   320  -392.512  -109.014     0.013     0.011
  60.0  90.0 -90.0 -0.025768 -0.011312   319  -374.972  -159.294     0.013     0.011
  60.0  90.0 -90.0 -0.024120 -0.014580   318  -351.011  -206.860     0.013     0.011
  60.0  90.0 -90.0 -0.022059 -0.017605   321  -321.039  -250.894     0.013     0.011
  60.0  90.0 -90.0 -0.019621 -0.020335   319  -285.569  -290.642     0.012     0.012
  60.0  90.0 -90.0 -0.016847 -0.022724   320  -245.206  -325.424     0.012     0.012
  60.0  90.0 -90.0 -0.013785 -0.024730   319  -200.642  -354.641     0.012     0.012
  60.0  90.0 -90.0 -0.010487 -0.026320   320  -152.641  -377.793     0.011     0.013
  60.0  90.0 -90.0 -0.007009 -0.027466   318  -102.025  -394.482     0.011     0.013
  60.0  90.0 -90.0 -0.003412 -0.028149   320   -49.660  -404.423     0.011     0.014
  60.0  90.0 -90.0  0.000244 -0.028356   317     3.556  -407.445     0.011     0.013
  60.0  90.0 -90.0  0.003896 -0.028085   321    56.711  -403.495     0.011     0.014
  60.0  90.0 -90.0  0.007481 -0.027340   317   108.894  -392.642     0.011     0.013
  60.0  90.0 -90.0  0.010938 -0.026133   320   159.211  -375.072     0.011     0.013
  60.0  90.0 -90.0  0.014208 -0.024486   319   206.800  -351.086     0.012     0.012
  60.0  90.0 -90.0  0.017235 -0.022427   320   250.846  -321.096     0.012     0.012
  60.0  90.0 -90.0  0.019967 -0.019990   317   290.595  -285.616     0.012     0.011
  60.0  90.0 -90.0  0.022357 -0.017217   321   325.366  -245.254     0.013     0.011
  60.0  90.0 -90.0  0.024365 -0.014157   319   354.563  -200.704     0.013     0.011
  60.0  90.0 -90.0  0.025955 -0.010861   321   377.689  -152.729     0.013     0.011
  60.0  90.0 -90.0  0.027102 -0.007386   320   394.348  -102.150     0.013     0.011
  60.0  90.0 -90.0  0.027785 -0.003791   320   404.256   -49.835     0.013     0.011
  60.0  90.0 -90.0  0.027993 -0.000137   321   407.244     3.320     0.013     0.011
