   -0.000023   -0.000001    0.018720    0.000001   -0.000010   -0.020395    0.000566    0.000000    0.000005   -0.000001    0.000000    0.000001    0.000001    0.000001    0.000002    0.000001    0.000002    0.000002    0.000000    0.000001    0.000002    0.000005
    0.000834   -0.003198    0.018720    0.000071   -0.000025   -0.020394    0.000567    0.000001    0.000022    0.000052   -0.000000    0.000001    0.000001    0.000003    0.000004    0.000003    0.000004    0.000005    0.000003    0.000003    0.000004    0.000004
    0.003174   -0.005538    0.018719    0.000121   -0.000067   -0.020394    0.000567    0.000002    0.000071    0.000091   -0.000001    0.000002    0.000002    0.000004    0.000006    0.000005    0.000006    0.000008    0.000004    0.000005    0.000006    0.000006
    0.006370   -0.006395    0.018718    0.000140   -0.000124   -0.020394    0.000567    0.000001    0.000137    0.000105   -0.000003    0.000003    0.000003    0.000005    0.000007    0.000005    0.000007    0.000009    0.000005    0.000005    0.000007    0.000007
    0.009566   -0.005538    0.018717    0.000121   -0.000180   -0.020394    0.000566    0.000000    0.000203    0.000091   -0.000004    0.000002    0.000002    0.000004    0.000006    0.000005    0.000006    0.000008    0.000004    0.000005    0.000006    0.000006
    0.011906   -0.003198    0.018716    0.000070   -0.000222   -0.020394    0.000565   -0.000000    0.000251    0.000052   -0.000003    0.000001    0.000001    0.000003    0.000004    0.000003    0.000004    0.000005    0.000003    0.000003    0.000004    0.000004
    0.012763   -0.000001    0.018716    0.000001   -0.000237   -0.020394    0.000565   -0.000000    0.000268   -0.000001   -0.000000    0.000001    0.000001    0.000001    0.000002    0.000001    0.000002    0.000002    0.000001    0.000001    0.000002    0.000001
    0.011906    0.003195    0.018716   -0.000068   -0.000222   -0.020394    0.000565    0.000000    0.000251   -0.000054    0.000003    0.000001    0.000001    0.000003    0.000004    0.000003    0.000004    0.000005    0.000003    0.000003    0.000004    0.000004
    0.009566    0.005535    0.018717   -0.000119   -0.000180   -0.020394    0.000567   -0.000000    0.000203   -0.000093    0.000004    0.000002    0.000002    0.000004    0.000006    0.000005    0.000006    0.000008    0.000004    0.000005    0.000006    0.000006
    0.006370    0.006392    0.018718   -0.000138   -0.000124   -0.020394    0.000567   -0.000001    0.000137   -0.000108    0.000003    0.000003    0.000003    0.000005    0.000007    0.000005    0.000007    0.000009    0.000005    0.000005    0.000007    0.000007
    0.003174    0.005535    0.018719   -0.000119   -0.000067   -0.020394    0.000567   -0.000002    0.000071   -0.000093    0.000001    0.000002    0.000002    0.000004    0.000006    0.000005    0.000006    0.000008    0.000004    0.000005    0.000006    0.000006
    0.000834    0.003195    0.018720   -0.000069   -0.000025   -0.020394    0.000567   -0.000001    0.000022   -0.000055    0.000000    0.000001    0.000001    0.000003    0.000004    0.000003    0.000004    0.000005    0.000003    0.000003    0.000004    0.000004
   -0.000023   -0.000001    0.018720    0.000001   -0.000010   -0.020395    0.000566    0.000000    0.000005   -0.000001    0.000000    0.000001    0.000001    0.000001    0.000002    0.000001    0.000002    0.000002    0.000000    0.000001    0.000002    0.000005
   -0.000876    0.003184    0.018720   -0.000074    0.000006   -0.020394    0.000567   -0.000002   -0.000013   -0.000056   -0.000000    0.000001    0.000001    0.000003    0.000004    0.000003    0.000004    0.000005    0.000003    0.000003    0.000004    0.000004
   -0.003208    0.005516    0.018719   -0.000129    0.000051   -0.020394    0.000567   -0.000003   -0.000064   -0.000096   -0.000002    0.000002    0.000002    0.000005    0.000006    0.000005    0.000006    0.000008    0.000004    0.000005    0.000006    0.000006
   -0.006393    0.006369    0.018718   -0.000149    0.000113   -0.020394    0.000567   -0.000004   -0.000132   -0.000111   -0.000004    0.000003    0.000003    0.000005    0.000007    0.000005    0.000007    0.000009    0.000005    0.000005    0.000007    0.000007
   -0.009578    0.005516    0.018717   -0.000129    0.000175   -0.020394    0.000567   -0.000004   -0.000200   -0.000097   -0.000005    0.000002    0.000002    0.000005    0.000006    0.000005    0.000006    0.000008    0.000004    0.000005    0.000006    0.000006
   -0.011909    0.003184    0.018716   -0.000074    0.000220   -0.020394    0.000565   -0.000003   -0.000250   -0.000056   -0.000003    0.000001    0.000001    0.000003    0.000004    0.000003    0.000004    0.000005    0.000003    0.000003    0.000004    0.000004
   -0.012763   -0.000001    0.018716    0.000001    0.000237   -0.020394    0.000565    0.000000   -0.000268   -0.000001    0.000000    0.000001    0.000001    0.000001    0.000002    0.000001    0.000002    0.000002    0.000001    0.000001    0.000002    0.000001
   -0.011909   -0.003187    0.018716    0.000076    0.000220   -0.020394    0.000565    0.000003   -0.000250    0.000054    0.000003    0.000001    0.000001    0.000003    0.000004    0.000003    0.000004    0.000005    0.000003    0.000003    0.000004    0.000004
   -0.009578   -0.005518    0.018717    0.000131    0.000175   -0.020394    0.000566    0.000005   -0.000200    0.000094    0.000005    0.000002    0.000002    0.000005    0.000006    0.000005    0.000006    0.000008    0.000004    0.000005    0.000006    0.000006
   -0.006393   -0.006372    0.018718    0.000151    0.000113   -0.020394    0.000567    0.000004   -0.000132    0.000109    0.000004    0.000003    0.000003    0.000005    0.000007    0.000005    0.000007    0.000009    0.000005    0.000005    0.000007    0.000007
   -0.003208   -0.005518    0.018719    0.000131    0.000051   -0.020394    0.000567    0.000003   -0.000064    0.000094    0.000002    0.000002    0.000002    0.000005    0.000006    0.000005    0.000006    0.000008    0.000005    0.000005    0.000006    0.000006
   -0.000876   -0.003187    0.018720    0.000076    0.000006   -0.020394    0.000567    0.000002   -0.000013    0.000054    0.000000    0.000001    0.000001    0.000003    0.000004    0.000003    0.000004    0.000005    0.000003    0.000003    0.000004    0.000004
   -0.000023   -0.000001    0.018720    0.000001   -0.000010   -0.020395    0.000566    0.000000    0.000005   -0.000001    0.000000    0.000001    0.000001    0.000001    0.000002    0.000001    0.000002    0.000002    0.000000    0.000001    0.000002    0.000005
