   0.0   0.0  0.000000  0.000000   408     0.007     0.000     0.007     0.007
   0.0   0.0  0.021651  0.012500   328   312.210   180.250     0.010     0.012
   0.0   0.0  0.000000  0.025000   328     0.008   360.495     0.013     0.008
   0.0   0.0 -0.021651  0.012500   328  -312.186   180.245     0.010     0.012
   0.0   0.0 -0.021651 -0.012500   328  -312.186  -180.245     0.010     0.012
   0.0   0.0 -0.000000 -0.025000   328     0.008  -360.495     0.013     0.008
   0.0   0.0  0.021651 -0.012500   328   312.210  -180.250     0.010     0.012
  30.0   0.0  0.000000  0.000000   408    -0.327     1.245     0.007     0.007
  30.0   0.0  0.021651  0.012500   328   311.870   181.569     0.010     0.012
  30.0   0.0  0.000000  0.025000   328    -0.343   361.857     0.014     0.008
  30.0   0.0 -0.021651  0.012500   328  -312.568   181.574     0.009     0.012
  30.0   0.0 -0.021651 -0.012500   328  -312.525  -178.928     0.010     0.012
  30.0   0.0 -0.000000 -0.025000   328    -0.344  -359.135     0.012     0.009
  30.0   0.0  0.021651 -0.012500   328   311.826  -178.920     0.010     0.011
