   -0.000023   -0.000002    0.012965    0.000001   -0.000010   -0.018778    0.000475    0.000000    0.000005   -0.000001    0.000000    0.000001    0.000001    0.000001    0.000002    0.000001    0.000002    0.000002    0.000000    0.000001    0.000002    0.000005
    0.000865   -0.003318    0.012965    0.000067   -0.000024   -0.018778    0.000475    0.000001    0.000021    0.000050   -0.000000    0.000001    0.000001    0.000003    0.000003    0.000003    0.000004    0.000004    0.000003    0.000003    0.000003    0.000003
    0.003291   -0.005745    0.012963    0.000116   -0.000064   -0.018778    0.000475    0.000002    0.000067    0.000087   -0.000001    0.000002    0.000002    0.000005    0.000005    0.000004    0.000006    0.000006    0.000005    0.000004    0.000005    0.000005
    0.006605   -0.006633    0.012962    0.000133   -0.000118   -0.018777    0.000475    0.000002    0.000130    0.000100   -0.000003    0.000003    0.000003    0.000005    0.000006    0.000005    0.000007    0.000007    0.000005    0.000005    0.000006    0.000006
    0.009919   -0.005745    0.012962    0.000115   -0.000172   -0.018777    0.000475    0.000001    0.000193    0.000086   -0.000004    0.000002    0.000002    0.000005    0.000005    0.000004    0.000006    0.000006    0.000005    0.000004    0.000005    0.000005
    0.012345   -0.003318    0.012961    0.000067   -0.000211   -0.018777    0.000474    0.000000    0.000239    0.000050   -0.000003    0.000001    0.000001    0.000003    0.000003    0.000003    0.000004    0.000004    0.000003    0.000003    0.000003    0.000003
    0.013233   -0.000002    0.012961    0.000001   -0.000226   -0.018777    0.000473   -0.000000    0.000256   -0.000001   -0.000000    0.000001    0.000001    0.000001    0.000002    0.000001    0.000002    0.000002    0.000001    0.000001    0.000002    0.000000
    0.012345    0.003314    0.012961   -0.000065   -0.000211   -0.018777    0.000474   -0.000000    0.000239   -0.000052    0.000003    0.000001    0.000001    0.000003    0.000003    0.000003    0.000004    0.000004    0.000003    0.000003    0.000003    0.000003
    0.009919    0.005742    0.012962   -0.000113   -0.000172   -0.018777    0.000475   -0.000001    0.000193   -0.000089    0.000004    0.000002    0.000002    0.000005    0.000005    0.000004    0.000006    0.000006    0.000005    0.000004    0.000005    0.000005
    0.006605    0.006630    0.012962   -0.000131   -0.000118   -0.018777    0.000475   -0.000002    0.000130   -0.000102    0.000003    0.000003    0.000003    0.000005    0.000006    0.000005    0.000007    0.000007    0.000005    0.000005    0.000006    0.000006
    0.003291    0.005742    0.012964   -0.000113   -0.000064   -0.018778    0.000475   -0.000002    0.000067   -0.000089    0.000001    0.000002    0.000002    0.000005    0.000005    0.000004    0.000006    0.000006    0.000005    0.000004    0.000005    0.000005
    0.000865    0.003315    0.012965   -0.000065   -0.000024   -0.018778    0.000475   -0.000001    0.000021   -0.000052    0.000000    0.000001    0.000001    0.000003    0.000003    0.000003    0.000004    0.000004    0.000003    0.000003    0.000003    0.000003
   -0.000023   -0.000002    0.012965    0.000001   -0.000010   -0.018778    0.000475    0.000000    0.000005   -0.000001    0.000000    0.000001    0.000001    0.000001    0.000002    0.000001    0.000002    0.000002    0.000000    0.000001    0.000002    0.000005
   -0.000908    0.003303    0.012964   -0.000070    0.000006   -0.018778    0.000475   -0.000002   -0.000013   -0.000053   -0.000000    0.000001    0.000001    0.000003    0.000004    0.000003    0.000004    0.000004    0.000003    0.000003    0.000004    0.000003
   -0.003326    0.005722    0.012964   -0.000123    0.000049   -0.018778    0.000475   -0.000003   -0.000061   -0.000092   -0.000001    0.000002    0.000002    0.000005    0.000006    0.000004    0.000006    0.000007    0.000005    0.000004    0.000006    0.000006
   -0.006628    0.006607    0.012962   -0.000142    0.000108   -0.018777    0.000475   -0.000004   -0.000126   -0.000106   -0.000003    0.000003    0.000003    0.000006    0.000006    0.000005    0.000007    0.000008    0.000005    0.000005    0.000006    0.000006
   -0.009931    0.005722    0.012962   -0.000123    0.000167   -0.018777    0.000475   -0.000004   -0.000191   -0.000092   -0.000004    0.000002    0.000002    0.000005    0.000006    0.000004    0.000006    0.000007    0.000005    0.000004    0.000006    0.000006
   -0.012349    0.003303    0.012961   -0.000070    0.000210   -0.018778    0.000474   -0.000002   -0.000238   -0.000053   -0.000003    0.000001    0.000001    0.000003    0.000004    0.000003    0.000004    0.000004    0.000003    0.000003    0.000004    0.000004
   -0.013233   -0.000002    0.012961    0.000001    0.000226   -0.018777    0.000473    0.000000   -0.000256   -0.000001    0.000000    0.000001    0.000001    0.000001    0.000002    0.000001    0.000002    0.000002    0.000001    0.000001    0.000002    0.000001
   -0.012349   -0.003306    0.012961    0.000073    0.000210   -0.018778    0.000474    0.000002   -0.000238    0.000051    0.000003    0.000001    0.000001    0.000003    0.000004    0.000003    0.000004    0.000004    0.000003    0.000003    0.000004    0.000004
   -0.009931   -0.005725    0.012962    0.000125    0.000167   -0.018777    0.000475    0.000004   -0.000191    0.000090    0.000004    0.000002    0.000002    0.000005    0.000006    0.000004    0.000006    0.000007    0.000005    0.000004    0.000006    0.000006
   -0.006628   -0.006610    0.012962    0.000144    0.000108   -0.018777    0.000475    0.000004   -0.000126    0.000104    0.000003    0.000003    0.000003    0.000006    0.000006    0.000005    0.000007    0.000008    0.000005    0.000005    0.000006    0.000006
   -0.003326   -0.005725    0.012964    0.000125    0.000049   -0.018778    0.000475    0.000003   -0.000061    0.000090    0.000001    0.000002    0.000002    0.000005    0.000006    0.000004    0.000006    0.000007    0.000005    0.000004    0.000006    0.000006
   -0.000908   -0.003306    0.012964    0.000072    0.000006   -0.018778    0.000475    0.000002   -0.000013    0.000051    0.000000    0.000001    0.000001    0.000003    0.000004    0.000003    0.000004    0.000004    0.000003    0.000003    0.000004    0.000003
