    0.000023    0.000002   -0.013169   -0.000001    0.000012    0.018778    0.000187   -0.000000   -0.000005    0.000001    0.000000    0.000001    0.000001    0.000001    0.000002    0.000001    0.000002    0.000002    0.000004    0.000001    0.000002    0.000005
   -0.000868    0.003330   -0.013168    0.000166   -0.000034    0.018778    0.000187   -0.000001   -0.000011   -0.000018   -0.000000    0.000001    0.000001    0.000002    0.000002    0.000002    0.000002    0.000002    0.000002    0.000002    0.000002    0.000002
   -0.003304    0.005766   -0.013165    0.000289   -0.000160    0.018777    0.000187   -0.000002   -0.000029   -0.000032   -0.000000    0.000001    0.000001    0.000002    0.000003    0.000002    0.000003    0.000003    0.000002    0.000002    0.000003    0.000003
   -0.006631    0.006657   -0.013161    0.000334   -0.000333    0.018777    0.000186   -0.000003   -0.000053   -0.000037   -0.000000    0.000001    0.000001    0.000003    0.000003    0.000002    0.000003    0.000004    0.000002    0.000002    0.000003    0.000003
   -0.009958    0.005766   -0.013157    0.000289   -0.000505    0.018777    0.000186   -0.000002   -0.000077   -0.000032   -0.000000    0.000001    0.000001    0.000002    0.000003    0.000002    0.000003    0.000003    0.000002    0.000002    0.000003    0.000003
   -0.012394    0.003329   -0.013154    0.000167   -0.000632    0.018778    0.000187   -0.000001   -0.000095   -0.000018   -0.000000    0.000001    0.000001    0.000002    0.000002    0.000002    0.000002    0.000003    0.000002    0.000002    0.000002    0.000002
   -0.013285    0.000002   -0.013153   -0.000001   -0.000678    0.018777    0.000187    0.000000   -0.000101    0.000001   -0.000000    0.000001    0.000001    0.000002    0.000002    0.000001    0.000002    0.000002    0.000004    0.000001    0.000002    0.000004
   -0.012394   -0.003326   -0.013154   -0.000169   -0.000632    0.018778    0.000187    0.000001   -0.000095    0.000020    0.000000    0.000001    0.000001    0.000002    0.000002    0.000002    0.000002    0.000003    0.000002    0.000002    0.000002    0.000002
   -0.009958   -0.005763   -0.013157   -0.000291   -0.000505    0.018777    0.000186    0.000002   -0.000077    0.000034    0.000000    0.000001    0.000001    0.000002    0.000003    0.000002    0.000003    0.000003    0.000002    0.000002    0.000003    0.000003
   -0.006631   -0.006654   -0.013161   -0.000336   -0.000333    0.018777    0.000186    0.000003   -0.000053    0.000040    0.000000    0.000001    0.000001    0.000003    0.000003    0.000002    0.000003    0.000004    0.000002    0.000002    0.000003    0.000003
   -0.003304   -0.005763   -0.013165   -0.000291   -0.000160    0.018777    0.000187    0.000002   -0.000029    0.000035    0.000000    0.000001    0.000001    0.000002    0.000003    0.000002    0.000003    0.000003    0.000002    0.000002    0.000003    0.000003
   -0.000868   -0.003326   -0.013168   -0.000168   -0.000034    0.018778    0.000187    0.000001   -0.000011    0.000021    0.000000    0.000001    0.000001    0.000002    0.000002    0.000002    0.000002    0.000002    0.000002    0.000002    0.000002    0.000002
    0.000023    0.000002   -0.013169   -0.000001    0.000012    0.018778    0.000187   -0.000000   -0.000005    0.000001    0.000000    0.000001    0.000001    0.000001    0.000002    0.000001    0.000002    0.000002    0.000004    0.000001    0.000002    0.000005
    0.000912   -0.003315   -0.013167   -0.000162    0.000057    0.018777    0.000186    0.000001    0.000002    0.000022   -0.000000    0.000001    0.000001    0.000002    0.000002    0.000002    0.000002    0.000002    0.000002    0.000002    0.000002    0.000002
    0.003339   -0.005743   -0.013165   -0.000280    0.000179    0.018778    0.000186    0.000002    0.000022    0.000038    0.000000    0.000001    0.000001    0.000002    0.000003    0.000002    0.000003    0.000003    0.000002    0.000002    0.000003    0.000003
    0.006654   -0.006631   -0.013161   -0.000323    0.000345    0.018777    0.000186    0.000003    0.000048    0.000044    0.000000    0.000001    0.000001    0.000003    0.000003    0.000002    0.000003    0.000004    0.000003    0.000002    0.000003    0.000003
    0.009970   -0.005742   -0.013157   -0.000280    0.000511    0.018777    0.000186    0.000002    0.000075    0.000038    0.000000    0.000001    0.000001    0.000002    0.000003    0.000002    0.000003    0.000003    0.000002    0.000002    0.000003    0.000003
    0.012397   -0.003315   -0.013154   -0.000162    0.000633    0.018778    0.000187    0.000001    0.000094    0.000022    0.000000    0.000001    0.000001    0.000002    0.000002    0.000002    0.000003    0.000003    0.000002    0.000002    0.000002    0.000002
    0.013285    0.000002   -0.013153   -0.000001    0.000678    0.018777    0.000187   -0.000000    0.000101    0.000001    0.000000    0.000001    0.000001    0.000002    0.000002    0.000001    0.000002    0.000002    0.000000    0.000001    0.000002    0.000000
    0.012397    0.003318   -0.013154    0.000160    0.000633    0.018778    0.000187   -0.000001    0.000094   -0.000020   -0.000000    0.000001    0.000001    0.000002    0.000002    0.000002    0.000003    0.000003    0.000002    0.000002    0.000002    0.000002
    0.009970    0.005745   -0.013157    0.000278    0.000511    0.018777    0.000186   -0.000002    0.000075   -0.000036   -0.000000    0.000001    0.000001    0.000002    0.000003    0.000002    0.000003    0.000003    0.000002    0.000002    0.000003    0.000003
    0.006654    0.006634   -0.013161    0.000321    0.000345    0.018777    0.000186   -0.000003    0.000048   -0.000041   -0.000000    0.000001    0.000001    0.000003    0.000003    0.000002    0.000003    0.000004    0.000003    0.000002    0.000003    0.000003
    0.003339    0.005746   -0.013165    0.000278    0.000179    0.018778    0.000186   -0.000002    0.000022   -0.000036   -0.000000    0.000001    0.000001    0.000002    0.000003    0.000002    0.000003    0.000003    0.000002    0.000002    0.000003    0.000003
    0.000912    0.003318   -0.013167    0.000160    0.000057    0.018777    0.000186   -0.000001    0.000002   -0.000020    0.000000    0.000001    0.000001    0.000002    0.000002    0.000002    0.000002    0.000002    0.000002    0.000002    0.000002    0.000002
