    0.000023    0.000001   -0.019117   -0.000001    0.000012    0.020128    0.000215   -0.000000   -0.000005    0.000001    0.000000    0.000001    0.000001    0.000001    0.000002    0.000001    0.000002    0.000002    0.000000    0.000001    0.000002    0.000005
   -0.000834    0.003200   -0.019116    0.000172   -0.000035    0.020128    0.000214   -0.000001   -0.000012   -0.000019   -0.000000    0.000001    0.000001    0.000002    0.000002    0.000002    0.000002    0.000003    0.000002    0.000002    0.000002    0.000002
   -0.003175    0.005541   -0.019113    0.000298   -0.000165    0.020128    0.000214   -0.000002   -0.000030   -0.000033   -0.000000    0.000001    0.000001    0.000002    0.000003    0.000002    0.000003    0.000004    0.000002    0.000002    0.000003    0.000003
   -0.006374    0.006398   -0.019109    0.000345   -0.000343    0.020127    0.000214   -0.000003   -0.000055   -0.000039   -0.000000    0.000001    0.000001    0.000002    0.000003    0.000002    0.000003    0.000004    0.000002    0.000002    0.000003    0.000003
   -0.009572    0.005541   -0.019105    0.000298   -0.000521    0.020127    0.000214   -0.000002   -0.000080   -0.000033   -0.000000    0.000001    0.000001    0.000002    0.000003    0.000002    0.000003    0.000004    0.000002    0.000002    0.000003    0.000003
   -0.011913    0.003200   -0.019102    0.000172   -0.000651    0.020128    0.000214   -0.000001   -0.000098   -0.000019   -0.000000    0.000001    0.000001    0.000002    0.000002    0.000002    0.000002    0.000003    0.000002    0.000002    0.000002    0.000002
   -0.012770    0.000001   -0.019101   -0.000001   -0.000699    0.020127    0.000214    0.000000   -0.000104    0.000001   -0.000000    0.000001    0.000001    0.000001    0.000002    0.000002    0.000002    0.000003    0.000003    0.000002    0.000002    0.000005
   -0.011913   -0.003197   -0.019102   -0.000174   -0.000651    0.020128    0.000214    0.000001   -0.000098    0.000021    0.000000    0.000001    0.000001    0.000002    0.000002    0.000002    0.000002    0.000003    0.000002    0.000002    0.000002    0.000002
   -0.009572   -0.005539   -0.019105   -0.000300   -0.000521    0.020127    0.000214    0.000002   -0.000080    0.000035    0.000000    0.000001    0.000001    0.000002    0.000003    0.000002    0.000003    0.000004    0.000002    0.000002    0.000003    0.000003
   -0.006374   -0.006396   -0.019109   -0.000347   -0.000343    0.020127    0.000214    0.000003   -0.000055    0.000041    0.000000    0.000001    0.000001    0.000002    0.000003    0.000002    0.000003    0.000004    0.000002    0.000002    0.000003    0.000003
   -0.003175   -0.005539   -0.019113   -0.000300   -0.000165    0.020128    0.000214    0.000002   -0.000030    0.000036    0.000000    0.000001    0.000001    0.000002    0.000003    0.000002    0.000003    0.000004    0.000002    0.000002    0.000003    0.000003
   -0.000834   -0.003197   -0.019116   -0.000174   -0.000035    0.020128    0.000214    0.000001   -0.000012    0.000021    0.000000    0.000001    0.000001    0.000002    0.000002    0.000002    0.000002    0.000003    0.000002    0.000002    0.000002    0.000002
    0.000023    0.000001   -0.019117   -0.000001    0.000012    0.020128    0.000215   -0.000000   -0.000005    0.000001    0.000000    0.000001    0.000001    0.000001    0.000002    0.000001    0.000002    0.000002    0.000000    0.000001    0.000002    0.000005
    0.000877   -0.003186   -0.019116   -0.000167    0.000058    0.020127    0.000214    0.000001    0.000002    0.000023   -0.000000    0.000001    0.000001    0.000002    0.000002    0.000002    0.000002    0.000003    0.000002    0.000002    0.000002    0.000002
    0.003210   -0.005519   -0.019113   -0.000289    0.000184    0.020128    0.000214    0.000002    0.000022    0.000039    0.000000    0.000001    0.000001    0.000002    0.000003    0.000002    0.000003    0.000004    0.000002    0.000002    0.000003    0.000003
    0.006396   -0.006373   -0.019109   -0.000333    0.000356    0.020127    0.000214    0.000003    0.000050    0.000045    0.000000    0.000001    0.000001    0.000002    0.000003    0.000003    0.000003    0.000004    0.000002    0.000003    0.000003    0.000003
    0.009583   -0.005519   -0.019105   -0.000289    0.000527    0.020127    0.000214    0.000002    0.000077    0.000039    0.000000    0.000001    0.000001    0.000002    0.000003    0.000002    0.000003    0.000004    0.000002    0.000002    0.000003    0.000003
    0.011916   -0.003186   -0.019102   -0.000167    0.000653    0.020128    0.000215    0.000001    0.000097    0.000023    0.000000    0.000001    0.000001    0.000002    0.000002    0.000002    0.000002    0.000003    0.000002    0.000002    0.000002    0.000002
    0.012770    0.000001   -0.019101   -0.000001    0.000699    0.020127    0.000214   -0.000000    0.000104    0.000001    0.000000    0.000001    0.000001    0.000001    0.000002    0.000002    0.000002    0.000003    0.000008    0.000002    0.000002    0.000010
    0.011916    0.003188   -0.019102    0.000165    0.000653    0.020128    0.000215   -0.000001    0.000097   -0.000021   -0.000000    0.000001    0.000001    0.000002    0.000002    0.000002    0.000002    0.000003    0.000002    0.000002    0.000002    0.000002
    0.009583    0.005522   -0.019105    0.000286    0.000527    0.020127    0.000214   -0.000002    0.000077   -0.000037   -0.000000    0.000001    0.000001    0.000002    0.000003    0.000002    0.000003    0.000004    0.000002    0.000002    0.000003    0.000003
    0.006396    0.006376   -0.019109    0.000331    0.000356    0.020127    0.000214   -0.000003    0.000050   -0.000043   -0.000000    0.000001    0.000001    0.000002    0.000003    0.000003    0.000003    0.000004    0.000002    0.000003    0.000003    0.000003
    0.003210    0.005522   -0.019113    0.000287    0.000184    0.020128    0.000214   -0.000002    0.000022   -0.000037   -0.000000    0.000001    0.000001    0.000002    0.000003    0.000002    0.000003    0.000004    0.000002    0.000002    0.000003    0.000003
    0.000877    0.003188   -0.019116    0.000165    0.000058    0.020127    0.000214   -0.000001    0.000002   -0.000021    0.000000    0.000001    0.000001    0.000002    0.000002    0.000002    0.000002    0.000003    0.000002    0.000002    0.000002    0.000002
    0.000023    0.000001   -0.019117   -0.000001    0.000012    0.020128    0.000215   -0.000000   -0.000005    0.000001    0.000000    0.000001    0.000001    0.000001    0.000002    0.000001    0.000002    0.000002    0.000000    0.000001    0.000002    0.000005
