   0.0   0.0  0.000000  0.000000   408     0.007     0.000     0.007     0.007
   0.0   0.0  0.027000  0.000000   328   391.615     0.000     0.013     0.012
   0.0   0.0  0.000000  0.027000   328     0.008   391.601     0.012     0.013
   0.0   0.0 -0.027000  0.000000   328  -391.587    -0.000     0.012     0.012
   0.0   0.0  0.000000 -0.027000   328     0.008  -391.601     0.012     0.013
  30.0   0.0  0.000000  0.000000   408    -0.327     1.245     0.007     0.007
  30.0   0.0  0.027000  0.000000   328   391.244     1.325     0.014     0.012
  30.0   0.0  0.000000  0.027000   328    -0.347   392.983     0.012     0.012
  30.0   0.0 -0.027000  0.000000   328  -391.956     1.323     0.012     0.012
  30.0   0.0  0.000000 -0.027000   328    -0.347  -390.220     0.012     0.013
  60.0   0.0  0.000000  0.000000   408    -1.238     2.156     0.008     0.007
  60.0   0.0  0.027000  0.000000   328   390.233     2.294     0.014     0.011
  60.0   0.0  0.000000  0.027000   328    -1.317   393.997     0.012     0.012
  60.0   0.0 -0.027000  0.000000   328  -392.967     2.292     0.012     0.012
  60.0   0.0  0.000000 -0.027000   328    -1.315  -389.211     0.012     0.014
  90.0   0.0  0.000000  0.000000   408    -2.483     2.490     0.008     0.007
  90.0   0.0  0.027000  0.000000   328   388.852     2.647     0.015     0.011
  90.0   0.0  0.000000  0.027000   328    -2.642   394.368     0.013     0.012
  90.0   0.0 -0.027000  0.000000   328  -394.350     2.648     0.011     0.012
  90.0   0.0  0.000000 -0.027000   328    -2.637  -388.842     0.012     0.014
 120.0   0.0  0.000000  0.000000   408    -3.728     2.156     0.008     0.008
 120.0   0.0  0.027000  0.000000   328   387.473     2.291     0.016     0.011
 120.0   0.0  0.000000  0.027000   328    -3.967   393.997     0.012     0.012
 120.0   0.0 -0.027000  0.000000   328  -395.734     2.295     0.011     0.012
 120.0   0.0  0.000000 -0.027000   328    -3.960  -389.211     0.012     0.014
 150.0   0.0  0.000000  0.000000   408    -4.639     1.245     0.008     0.008
 150.0   0.0  0.027000  0.000000   328   386.465     1.322     0.017     0.011
 150.0   0.0  0.000000  0.027000   328    -4.935   392.985     0.012     0.012
 150.0   0.0 -0.027000  0.000000   328  -396.749     1.326     0.011     0.012
 150.0   0.0  0.000000 -0.027000   328    -4.930  -390.221     0.012     0.014
 180.0   0.0  0.000000  0.000000   408    -4.973     0.000     0.008     0.008
 180.0   0.0  0.027000  0.000000   328   386.096    -0.000     0.017     0.011
 180.0   0.0  0.000000  0.027000   328    -5.287   391.602     0.012     0.013
 180.0   0.0 -0.027000  0.000000   328  -397.120    -0.000     0.011     0.012
 180.0   0.0  0.000000 -0.027000   328    -5.287  -391.602     0.012     0.013
 210.0   0.0  0.000000  0.000000   408    -4.639    -1.245     0.008     0.008
 210.0   0.0  0.027000  0.000000   328   386.465    -1.322     0.017     0.011
 210.0   0.0  0.000000  0.027000   328    -4.930   390.221     0.012     0.014
 210.0   0.0 -0.027000  0.000000   328  -396.749    -1.326     0.011     0.012
 210.0   0.0  0.000000 -0.027000   328    -4.935  -392.985     0.012     0.012
 240.0   0.0  0.000000  0.000000   408    -3.728    -2.156     0.008     0.008
 240.0   0.0  0.027000  0.000000   328   387.473    -2.291     0.016     0.011
 240.0   0.0  0.000000  0.027000   328    -3.960   389.211     0.012     0.014
 240.0   0.0 -0.027000  0.000000   328  -395.734    -2.295     0.011     0.012
 240.0   0.0  0.000000 -0.027000   328    -3.967  -393.997     0.012     0.012
 270.0   0.0  0.000000  0.000000   408    -2.483    -2.490     0.008     0.007
 270.0   0.0  0.027000  0.000000   328   388.852    -2.647     0.015     0.011
 270.0   0.0  0.000000  0.027000   328    -2.637   388.842     0.012     0.014
 270.0   0.0 -0.027000  0.000000   328  -394.350    -2.648     0.011     0.012
 270.0   0.0  0.000000 -0.027000   328    -2.642  -394.368     0.013     0.012
 300.0   0.0  0.000000  0.000000   408    -1.238    -2.156     0.008     0.007
 300.0   0.0  0.027000  0.000000   328   390.233    -2.294     0.014     0.011
 300.0   0.0  0.000000  0.027000   328    -1.315   389.211     0.012     0.014
 300.0   0.0 -0.027000  0.000000   328  -392.967    -2.292     0.012     0.012
 300.0   0.0  0.000000 -0.027000   328    -1.317  -393.997     0.012     0.012
 330.0   0.0  0.000000  0.000000   408    -0.327    -1.245     0.007     0.007
 330.0   0.0  0.027000  0.000000   328   391.244    -1.325     0.014     0.012
 330.0   0.0  0.000000  0.027000   328    -0.347   390.220     0.012     0.013
 330.0   0.0 -0.027000  0.000000   328  -391.956    -1.323     0.012     0.012
 330.0   0.0  0.000000 -0.027000   328    -0.347  -392.983     0.012     0.012
   0.0   0.0  0.000000  0.000000   408     0.007     0.000     0.007     0.007
   0.0   0.0  0.027000  0.000000   328   391.615     0.000     0.013     0.012
   0.0   0.0  0.000000  0.027000   328     0.008   391.601     0.012     0.013
   0.0   0.0 -0.027000  0.000000   328  -391.587    -0.000     0.012     0.012
   0.0   0.0  0.000000 -0.027000   328     0.008  -391.601     0.012     0.013
   0.0  30.0  0.000000  0.000000   408     0.340    -1.241     0.007     0.007
   0.0  30.0  0.027000  0.000000   328   391.984    -1.321     0.013     0.012
   0.0  30.0  0.000000  0.027000   328     0.361   390.226     0.012     0.014
   0.0  30.0 -0.027000  0.000000   328  -391.219    -1.319     0.012     0.012
   0.0  30.0  0.000000 -0.027000   328     0.362  -392.975     0.012     0.012
   0.0  60.0  0.000000  0.000000   408     1.248    -2.150     0.007     0.008
   0.0  60.0  0.027000  0.000000   328   392.992    -2.288     0.012     0.012
   0.0  60.0  0.000000  0.027000   328     1.327   389.220     0.011     0.015
   0.0  60.0 -0.027000  0.000000   328  -390.214    -2.284     0.013     0.012
   0.0  60.0  0.000000 -0.027000   328     1.328  -393.981     0.012     0.011
   0.0  90.0  0.000000  0.000000   408     2.490    -2.483     0.007     0.008
   0.0  90.0  0.027000  0.000000   328   394.368    -2.642     0.012     0.013
   0.0  90.0  0.000000  0.027000   328     2.647   388.852     0.011     0.015
   0.0  90.0 -0.027000  0.000000   328  -388.842    -2.637     0.014     0.012
   0.0  90.0  0.000000 -0.027000   328     2.648  -394.350     0.012     0.011
   0.0 120.0  0.000000  0.000000   408     3.731    -2.150     0.008     0.008
   0.0 120.0  0.027000  0.000000   328   395.744    -2.288     0.011     0.013
   0.0 120.0  0.000000  0.027000   328     3.967   389.221     0.011     0.015
   0.0 120.0 -0.027000  0.000000   328  -387.469    -2.284     0.016     0.012
   0.0 120.0  0.000000 -0.027000   328     3.968  -393.982     0.012     0.011
   0.0 150.0  0.000000  0.000000   408     4.640    -1.241     0.008     0.008
   0.0 150.0  0.027000  0.000000   328   396.751    -1.321     0.011     0.012
   0.0 150.0  0.000000  0.027000   328     4.933   390.228     0.012     0.014
   0.0 150.0 -0.027000  0.000000   328  -386.464    -1.319     0.017     0.011
   0.0 150.0  0.000000 -0.027000   328     4.934  -392.976     0.012     0.012
   0.0 180.0  0.000000  0.000000   408     4.973     0.000     0.008     0.008
   0.0 180.0  0.027000  0.000000   328   397.120     0.000     0.011     0.012
   0.0 180.0  0.000000  0.027000   328     5.287   391.602     0.012     0.013
   0.0 180.0 -0.027000  0.000000   328  -386.096    -0.000     0.017     0.011
   0.0 180.0  0.000000 -0.027000   328     5.287  -391.602     0.012     0.013
   0.0 210.0  0.000000  0.000000   408     4.640     1.241     0.008     0.008
   0.0 210.0  0.027000  0.000000   328   396.751     1.321     0.011     0.012
   0.0 210.0  0.000000  0.027000   328     4.934   392.976     0.012     0.012
   0.0 210.0 -0.027000  0.000000   328  -386.464     1.319     0.017     0.011
   0.0 210.0  0.000000 -0.027000   328     4.933  -390.228     0.012     0.014
   0.0 240.0  0.000000  0.000000   408     3.731     2.150     0.008     0.008
   0.0 240.0  0.027000  0.000000   328   395.744     2.288     0.011     0.013
   0.0 240.0  0.000000  0.027000   328     3.968   393.982     0.012     0.011
   0.0 240.0 -0.027000  0.000000   328  -387.469     2.284     0.016     0.012
   0.0 240.0  0.000000 -0.027000   328     3.967  -389.221     0.011     0.015
   0.0 270.0  0.000000  0.000000   408     2.490     2.483     0.007     0.008
   0.0 270.0  0.027000  0.000000   328   394.368     2.642     0.012     0.013
   0.0 270.0  0.000000  0.027000   328     2.648   394.350     0.012     0.011
   0.0 270.0 -0.027000  0.000000   328  -388.842     2.637     0.014     0.012
   0.0 270.0  0.000000 -0.027000   328     2.647  -388.852     0.011     0.015
   0.0 300.0  0.000000  0.000000   408     1.248     2.150     0.007     0.008
   0.0 300.0  0.027000  0.000000   328   392.992     2.288     0.012     0.012
   0.0 300.0  0.000000  0.027000   328     1.328   393.981     0.012     0.011
   0.0 300.0 -0.027000  0.000000   328  -390.214     2.284     0.013     0.012
   0.0 300.0  0.000000 -0.027000   328     1.327  -389.220     0.011     0.015
   0.0 330.0  0.000000  0.000000   408     0.340     1.241     0.007     0.007
   0.0 330.0  0.027000  0.000000   328   391.984     1.321     0.013     0.012
   0.0 330.0  0.000000  0.027000   328     0.362   392.975     0.012     0.012
   0.0 330.0 -0.027000  0.000000   328  -391.219     1.319     0.012     0.012
   0.0 330.0  0.000000 -0.027000   328     0.361  -390.226     0.012     0.014
   0.0   0.0  0.000000  0.000000   408     0.007     0.000     0.007     0.007
   0.0   0.0  0.027000  0.000000   328   391.615     0.000     0.013     0.012
   0.0   0.0  0.000000  0.027000   328     0.008   391.601     0.012     0.013
   0.0   0.0 -0.027000  0.000000   328  -391.587    -0.000     0.012     0.012
   0.0   0.0  0.000000 -0.027000   328     0.008  -391.601     0.012     0.013
