-0.0024837600011868824
-0.00010666436280569268
-0.005032112295160328
-0.0051897467548401004
-0.005305979237964009
-0.005406647101659052
-0.005625951205143037
-0.015636975771343792
-0.0114381518643422
-0.009882544219378165
-0.009946349597215479
0.0075918761573666345
0.003698504890341664
0.0038254825802941485
0.00363597413516151
-0.01468810890315192
-0.002121630315879783
-0.0032041252529250467
-0.002721155514252414
-0.002297066635235916
-0.012310683234215575
-0.01074647918025365
-0.006854626505947824
-0.007208274299154608
-0.004583334102683365
0.0020175540343492014
0.001237455964063733
-0.004165088466854861
-0.0012765347913766603
-0.0009561792088715001
-0.0028429029566581707
