#T_NNT CIN CIW CIC CIE CIS expmin psf_CIN psf_CIW psf_CIC psf_CIC psf_CIE psf_CIS gauss T_mirrorNIB T_trussmean date
#Use polyfit number unless VI suggests interp is better
17.7 -9612. -9596. -9588. -9637. -9604. 5006 1.26 1.36 1.20 1.38 1.42 1 11.7 17.56 20190408
17.3 -9515. -9480. -9454. -9524. -9489. 5129 1.14 1.16 0.90 0.98 1.33 1 12.6 17.41 20190408
17.3 -9367. -9411. -9420. -9402. -9420. 5157 1.3 1.3 1.1 1.2 1.28 1 12.6 17.42 20190408
16.9 -9463. -9489. -9454. -9533. -9515. 5228 0.89 0.96 0.98 0.90 0.94 1 13.1 16.85 20190408
16.9 -9498. -9507 -9428. -9524. -9498. 5237 0.85 0.94 0.95 0.85 0.88 1 13.1 16.88 20190408
16.8 -9489. -9454. -9472. -9498. -9498. 5246 0.94 0.91 0.92 0.81 0.79 1 13.1 16.8 20190408
16.7 -9498. -9489. -9446. -9489. -9498. 5255 0.99 1.02 1.01 0.87 0.9 1 13.1 16.81 20190408
16.6 -9472. -9489. -9428. -9454. -9507. 5267 0.84 0.91 0.89 0.8 0.86 1 13.3 16.78 20190408
16.5 -9654. -9663. -9663. -9680. -9647. 5405 1.0 0.93 0.91 0.95 0.93 1 14.6 16.5 20190409
15.7 -9550. -9576. -9524. -9628. -9524. 5467 1.2 1.17 1.01 1.22 1.12 1 14.6 15.69 20190409
14.7 -9480. -9480. -9463. -9498. -9498. 5538 1.16 1.42 1.23 1.0 1.18 1 14.6 14.98 20190409
14.5 -9489. -9480. -9454. -9428. -9463. 5548 1.38 1.23 1.24 0.97 1.34 1 14.6 14.86 20190409
14.0 -9072. -9063. -9020. -9115. -9072. 4901 0.88 0.87 0.78 0.78 0.78 1 10.7 13.91 20190407
13.4 -8878. -8912. -8861. -8939. -8962. 4770 0.93 0.94 0.89 0.93 0.87 1 10.2 13.41 20190407
13.3 -8957. -8957. -8896. -8891. -8983. 4787 0.93 1.12 0.88 1.10 1.0 1 10.4 13.23 20190407
13.1 -8922. -8887. -8896. -8939. -8930. 4748 1.08 1.10 0.86 0.91 0.91 1 10.1 13.19 20190407
13.1 -9311. -9320. -9311. -9363. -9320. 5629 1.17 1.23 1.19 1.14 1.28 1 14.3 13.4 20190409
12.7 -8917. -8891 -8926. -8917. -8900. 4620 1.01 1.03 1.06 1.20 1.38 1 9.0 12.72 20190407
12.6 -8943. -8909. NaN -8891. -8900. 4660 0.78 0.97 NaN 0.85 0.87 1 9.2 12.62 20190407
12.1 -9043. -9052. -9017. -9043. -9008. 7060 1.26 1.25 1.18 1.36 1.33 1 8.2 12.21 20190414
12.1 -8958. -8927. -8931. -8962. -8953. 7079 1.08 1.16 1.05 1.07 1.13 1 8.4 12.15 20190414
7.2 -8555. -8555. -8512. -8572. -8564. 5784 1.92 1.82 1.93 1.92 1.96 1 8.9 7.31 20190410
4.6 -8098. -8089. -8011. -8141. -8037. 6443 1.06 1.05 0.92 1.07 1.00 1 6.4 5.08 20190412
4.5 -8123. -8121. -8116. -8109. -8112. 6457 1.63 1.61 1.52 1.73 1.71 1 6.4 5.09 20190412
4.1 -8061. -8052. -8050. -8061. -8025. 6019 1.42 1.51 1.48 1.47 1.62 1 7.6 4.59 20190410







